Time AvMSq AvMSqStd 
0 0.3502232548004936 0.0
1 0.3509975284241573 0.0
2 0.34725153661471087 0.0
3 0.3463986156614477 0.0
4 0.3469522384137442 0.0
5 0.34596798947295454 0.0
6 0.3474091837104368 0.0
7 0.34700472126190995 0.0
8 0.34735522142508246 0.0
9 0.34353811624019415 0.0
10 0.3499332118557386 0.0
11 0.3452017142359691 0.0
12 0.3503612362272806 0.0
13 0.3480437822237706 0.0
14 0.35106868628954047 0.0
15 0.34231279588728325 0.0
16 0.35010269479274075 0.0
17 0.3500431044764895 0.0
18 0.348620467890524 0.0
19 0.345313809036383 0.0
20 0.3471396779564368 0.0
21 0.3486756767833331 0.0
22 0.34829424036778917 0.0
23 0.34521759652406336 0.0
24 0.34841430503986587 0.0
25 0.3483640389712239 0.0
26 0.3504997518632273 0.0
27 0.3497933884830632 0.0
28 0.3480913136844125 0.0
29 0.3502171544834901 0.0
30 0.3469785406604373 0.0
31 0.3459845070794687 0.0
32 0.34581835752133344 0.0
33 0.35126992268443974 0.0
34 0.34335187890956365 0.0
35 0.34983327673542985 0.0
36 0.3420742690138492 0.0
37 0.348403729519713 0.0
38 0.34492747163664966 0.0
39 0.35101050809837875 0.0
40 0.3467026021865141 0.0
41 0.34817536163447815 0.0
42 0.346986697620389 0.0
43 0.34942734792597424 0.0
44 0.35067895507929375 0.0
45 0.3522444111752855 0.0
46 0.3516158608311524 0.0
47 0.3478941278669729 0.0
48 0.3511096024384885 0.0
49 0.3547533909618843 0.0
50 0.3592267990577142 0.0
51 0.35373655723046454 0.0
52 0.35731164859690656 0.0
53 0.3582611699195329 0.0
54 0.3595259155913335 0.0
55 0.3587800617695999 0.0
56 0.3586037498361916 0.0
57 0.3579369359476555 0.0
58 0.3582429098147801 0.0
59 0.3562239349280729 0.0
60 0.3554292135456987 0.0
61 0.35955876934570835 0.0
62 0.35592432740941526 0.0
63 0.3578500055511539 0.0
64 0.3565213611571474 0.0
65 0.3577380049633807 0.0
66 0.35906805803471903 0.0
67 0.3595342977799319 0.0
68 0.3621067835314156 0.0
69 0.3599991866803271 0.0
70 0.35952112784238005 0.0
71 0.3609882398534694 0.0
72 0.3599382126650481 0.0
73 0.35969371964608055 0.0
74 0.36111832362431145 0.0
75 0.3586325119579027 0.0
76 0.36055312353752467 0.0
77 0.35876670509653047 0.0
78 0.3590678605573023 0.0
79 0.36290251194156803 0.0
80 0.36266600957769995 0.0
81 0.36429766027477795 0.0
82 0.36521870894908876 0.0
83 0.3592328811577221 0.0
84 0.362108140393991 0.0
85 0.3618899003676347 0.0
86 0.36229365898296134 0.0
87 0.36124521117983965 0.0
88 0.36062677274474825 0.0
89 0.3618689890980939 0.0
90 0.36568735589619195 0.0
91 0.36370199571884737 0.0
92 0.3600611816333619 0.0
93 0.36163480161858585 0.0
94 0.3637687688217835 0.0
95 0.3673192439442448 0.0
96 0.3643402380308068 0.0
97 0.3693866831461114 0.0
98 0.3655423892996765 0.0
99 0.36519552334194916 0.0
100 0.3645082949965975 0.0
101 0.36853315315899937 0.0
102 0.36725015723069143 0.0
103 0.3673593434931248 0.0
104 0.3675641335489285 0.0
105 0.36476181908919797 0.0
106 0.3602067260873249 0.0
107 0.3631497853017859 0.0
108 0.36296971303539055 0.0
109 0.3610247745455557 0.0
110 0.366750673253424 0.0
111 0.36766379281972406 0.0
112 0.3630716456643701 0.0
113 0.36546986125778164 0.0
114 0.3678174796701528 0.0
115 0.3641360625781233 0.0
116 0.36575126382868695 0.0
117 0.366024874127045 0.0
118 0.3640668733153952 0.0
119 0.3620131279586876 0.0
120 0.3667614761363244 0.0
121 0.3632040738769027 0.0
122 0.3667021188174207 0.0
123 0.3657619714646247 0.0
124 0.36639135562089253 0.0
125 0.3657464079130632 0.0
126 0.36608438045600855 0.0
127 0.36080107238774733 0.0
128 0.36623932592368563 0.0
129 0.36410810283342915 0.0
130 0.3618043760723058 0.0
131 0.36300062303426095 0.0
132 0.3619021095252269 0.0
133 0.35719633126970707 0.0
134 0.3594777008722384 0.0
135 0.3645226563880574 0.0
136 0.364809240989008 0.0
137 0.3654868767284547 0.0
138 0.36584861791880097 0.0
139 0.3610723440596941 0.0
140 0.36148196866507404 0.0
141 0.36470369016402826 0.0
142 0.3671369184527524 0.0
143 0.36934109086834954 0.0
144 0.36500751177100205 0.0
145 0.36732284276604227 0.0
146 0.3642232541068705 0.0
147 0.3638599126228257 0.0
148 0.36369986759417633 0.0
149 0.3635463916428559 0.0
150 0.36389106258316584 0.0
151 0.3663507707170016 0.0
152 0.364512189289561 0.0
153 0.3616644113958295 0.0
154 0.36606188961210934 0.0
155 0.3640909240930782 0.0
156 0.36013842113057054 0.0
157 0.35903528419421854 0.0
158 0.3607688133309577 0.0
159 0.3611341828736151 0.0
160 0.3611314816128081 0.0
161 0.3626517220107641 0.0
162 0.3609603085276315 0.0
163 0.36395396942734687 0.0
164 0.36044296103239576 0.0
165 0.3617782220749007 0.0
166 0.3662970893552978 0.0
167 0.36237721084812663 0.0
168 0.36196910393287385 0.0
169 0.3609550330725926 0.0
170 0.3606863611566714 0.0
171 0.36077961037636574 0.0
172 0.36441943022318635 0.0
173 0.3635498324346999 0.0
174 0.36607884759238063 0.0
175 0.3655924263863214 0.0
176 0.36356556749084556 0.0
177 0.3625577732563526 0.0
178 0.3628601022924875 0.0
179 0.36642742030214703 0.0
180 0.36202479557405237 0.0
181 0.36591812057039325 0.0
182 0.3648155502627797 0.0
183 0.36913017769906153 0.0
184 0.3680953964376716 0.0
185 0.36647356409719867 0.0
186 0.36475611701035404 0.0
187 0.36453142729867416 0.0
188 0.3646818578090621 0.0
189 0.3600560896997817 0.0
190 0.36287640909212626 0.0
191 0.3652115928490485 0.0
192 0.36749902229619424 0.0
193 0.3617839599855214 0.0
194 0.36490950613093753 0.0
195 0.36264281087775696 0.0
196 0.3599293767768324 0.0
197 0.3652229306024077 0.0
198 0.36530333702327245 0.0
199 0.3643566574232666 0.0
200 0.36325740507586834 0.0
201 0.3661192167094366 0.0
202 0.36449227425670466 0.0
203 0.3656006300241689 0.0
204 0.3673061418814045 0.0
205 0.3667224202281635 0.0
206 0.3660777642799914 0.0
207 0.36864948434495054 0.0
208 0.3659598643925346 0.0
209 0.3691784255983365 0.0
210 0.3706839896260663 0.0
211 0.36601655978086894 0.0
212 0.3644029611902406 0.0
213 0.36561377315558674 0.0
214 0.3646695327983277 0.0
215 0.36424333585626095 0.0
216 0.36338598969135777 0.0
217 0.36551390152900304 0.0
218 0.36157453466666406 0.0
219 0.36437112082536827 0.0
220 0.3634558707418622 0.0
221 0.36263872989079826 0.0
222 0.3625581211333838 0.0
223 0.3661767436381133 0.0
224 0.36544897521677533 0.0
225 0.3661647848758322 0.0
226 0.36577253879109595 0.0
227 0.36464678478411316 0.0
228 0.3640817608229563 0.0
229 0.3642900838387916 0.0
230 0.3633587751036788 0.0
231 0.3631623903877333 0.0
232 0.36584845119762593 0.0
233 0.3669949341778883 0.0
234 0.3638340144164937 0.0
235 0.36656978690509284 0.0
236 0.36755521257497037 0.0
237 0.36949593379620127 0.0
238 0.3670823140806212 0.0
239 0.3654895152304847 0.0
240 0.365553612218307 0.0
241 0.3649654734532644 0.0
242 0.36743176150127005 0.0
243 0.3673682677108629 0.0
244 0.36600227876848523 0.0
245 0.36374177392797463 0.0
246 0.3653946869969631 0.0
247 0.36824897067693274 0.0
248 0.3673875161035836 0.0
249 0.3644606643018131 0.0
250 0.3670652074205507 0.0
251 0.38195149747803686 0.0
252 0.38811141705491636 0.0
253 0.39600128153796227 0.0
254 0.4070044532755619 0.0
255 0.41069162354519473 0.0
256 0.41835283464208123 0.0
257 0.4275136742854445 0.0
258 0.43392795867351913 0.0
259 0.4405193855232428 0.0
260 0.44650124748660813 0.0
261 0.44961505513549327 0.0
262 0.45841281619060975 0.0
263 0.4682598203522854 0.0
264 0.47121739390218004 0.0
265 0.4755791609578635 0.0
266 0.48165076510181015 0.0
267 0.4926689827404599 0.0
268 0.49199542196732743 0.0
269 0.5020290968586157 0.0
270 0.5078300978550011 0.0
271 0.51352800787549 0.0
272 0.5189859384819483 0.0
273 0.5224981929364036 0.0
274 0.5300735630407526 0.0
275 0.5350736409580975 0.0
276 0.5431095581585754 0.0
277 0.5500106449392239 0.0
278 0.552977169890547 0.0
279 0.5597509931223192 0.0
280 0.5595030407340897 0.0
281 0.5660069461972684 0.0
282 0.5672438480479084 0.0
283 0.5766459711483274 0.0
284 0.5781076618509056 0.0
285 0.5839203832782368 0.0
286 0.5866367000819055 0.0
287 0.5899083185195475 0.0
288 0.5952075788250043 0.0
289 0.5978089939266106 0.0
290 0.6025290014262898 0.0
291 0.6034966697855745 0.0
292 0.6050026383004622 0.0
293 0.6052362527761541 0.0
294 0.6009769023867698 0.0
295 0.600280593059029 0.0
296 0.6016941572840521 0.0
297 0.6017562320263442 0.0
298 0.6008569839720489 0.0
299 0.5975184664035859 0.0
300 0.5951163529861093 0.0
301 0.5972968650412367 0.0
302 0.5979861607499947 0.0
303 0.5987901227554406 0.0
304 0.5949097899574429 0.0
305 0.5949289408418921 0.0
306 0.5952839643675293 0.0
307 0.5960418880210567 0.0
308 0.5954668322739989 0.0
309 0.5956338155488108 0.0
310 0.5963712862646561 0.0
311 0.5941940848114272 0.0
312 0.5968744616299207 0.0
313 0.5941986012104233 0.0
314 0.5928812175515731 0.0
315 0.5936834003347803 0.0
316 0.5948053123067145 0.0
317 0.5899576362101564 0.0
318 0.5921773000178033 0.0
319 0.5939339659564443 0.0
320 0.5932654555910364 0.0
321 0.5910701558494568 0.0
322 0.5915771215401767 0.0
323 0.5916723043575901 0.0
324 0.594132682886512 0.0
325 0.5912896463104121 0.0
326 0.5915927097964782 0.0
327 0.5925378207893225 0.0
328 0.5942169245377243 0.0
329 0.5934093024404034 0.0
330 0.5919454895245082 0.0
331 0.5913343879739 0.0
332 0.5909914794351948 0.0
333 0.5908968380855942 0.0
334 0.5950383118528104 0.0
335 0.5918539574489782 0.0
336 0.5904020502625934 0.0
337 0.591378894197664 0.0
338 0.5913032449921622 0.0
339 0.5909455932870175 0.0
340 0.5932736571192802 0.0
341 0.5901182047120438 0.0
342 0.5916302547168866 0.0
343 0.5912551096314124 0.0
344 0.5899139860954135 0.0
345 0.589474060390369 0.0
346 0.5898526273937986 0.0
347 0.5915829686195071 0.0
348 0.5886520293445104 0.0
349 0.5895994174899633 0.0
350 0.5888352422692907 0.0
351 0.5907576967819441 0.0
352 0.5894505039877391 0.0
353 0.5933426745566638 0.0
354 0.5915008849827275 0.0
355 0.5893776364641201 0.0
356 0.5895384211295291 0.0
357 0.5888933501847529 0.0
358 0.5912356695210756 0.0
359 0.589415593344466 0.0
360 0.5901182768896129 0.0
361 0.5882084708768113 0.0
362 0.5894338947620843 0.0
363 0.5876234427570427 0.0
364 0.5885956841469154 0.0
365 0.5866031654474333 0.0
366 0.5857012193040338 0.0
367 0.5873326690862382 0.0
368 0.5893721996474626 0.0
369 0.5872490059022684 0.0
370 0.5880348772896158 0.0
371 0.5898631282660444 0.0
372 0.5904112712620586 0.0
373 0.5917436289106491 0.0
374 0.5916597283289425 0.0
375 0.5899216265765804 0.0
376 0.5910875337216326 0.0
377 0.5908694452767065 0.0
378 0.5893210575874389 0.0
379 0.5894931144140876 0.0
380 0.5904353418708759 0.0
381 0.5874190267646252 0.0
382 0.5876452381959446 0.0
383 0.5885984467523622 0.0
384 0.5895983699538081 0.0
385 0.5894486936126452 0.0
386 0.5891096407424337 0.0
387 0.5889951195456938 0.0
388 0.5919072523837366 0.0
389 0.5862427954794357 0.0
390 0.5871815611852453 0.0
391 0.5893671866831603 0.0
392 0.587453161708738 0.0
393 0.5860688629946327 0.0
394 0.5883085287216858 0.0
395 0.5882080612740305 0.0
396 0.5882689646472732 0.0
397 0.5914319812198303 0.0
398 0.5885351961612386 0.0
399 0.5871930239843274 0.0
400 0.5890008390079494 0.0
401 0.5905118900232302 0.0
402 0.5890965510645061 0.0
403 0.5873430656315879 0.0
404 0.5876797329714052 0.0
405 0.588339631892434 0.0
406 0.5883921971371915 0.0
408 0.588339631892434 0.0
409 0.5864787987712086 0.0
410 0.585622183544554 0.0
411 0.5885563974027688 0.0
412 0.5871687224837855 0.0
413 0.5889329011613972 0.0
414 0.5866798645744236 0.0
415 0.5869876397817364 0.0
416 0.5889414456858731 0.0
417 0.5927420742242091 0.0
418 0.5883330313742011 0.0
419 0.5903746370081214 0.0
420 0.5864395936826889 0.0
421 0.5861702322271224 0.0
422 0.5865990856008177 0.0
423 0.5902512193451008 0.0
424 0.5877157086391376 0.0
425 0.5877986518062163 0.0
426 0.5898038784666472 0.0
427 0.5913212342245757 0.0
428 0.5916443325490892 0.0
429 0.5920778021351686 0.0
430 0.5904369871330926 0.0
431 0.5906769999913194 0.0
432 0.5886122697933693 0.0
433 0.5907454702963751 0.0
434 0.5888783218302469 0.0
435 0.5888882110883848 0.0
436 0.5877258488294393 0.0
437 0.5899919923459942 0.0
438 0.587175060796963 0.0
439 0.5875208218135665 0.0
440 0.5877793250690193 0.0
441 0.5890327744867504 0.0
442 0.5853377358996349 0.0
443 0.5877046301160018 0.0
444 0.5877340926667478 0.0
445 0.5892012088887939 0.0
446 0.5866392824074008 0.0
447 0.5870757155109718 0.0
448 0.5876000413488284 0.0
449 0.5856577291778718 0.0
450 0.5883311852503065 0.0
451 0.5897342803825213 0.0
452 0.5897965417543042 0.0
453 0.5900901863752123 0.0
454 0.5889794500721189 0.0
455 0.5892558801884581 0.0
456 0.5888229355765884 0.0
457 0.5901875296464828 0.0
458 0.5892488356502724 0.0
459 0.5886303868074618 0.0
460 0.5882974586680052 0.0
461 0.5892915867660242 0.0
462 0.5879649721891451 0.0
463 0.586178816658811 0.0
464 0.5861020604132603 0.0
465 0.5898657527008825 0.0
466 0.5880034163128985 0.0
467 0.5859679445492396 0.0
468 0.584607046145713 0.0
469 0.589694466920584 0.0
470 0.5875305016634378 0.0
471 0.5878155930855851 0.0
472 0.5885242424505479 0.0
473 0.5877831851562264 0.0
474 0.5858077117271412 0.0
475 0.5906364489558401 0.0
476 0.5862260474370056 0.0
477 0.5865799228904409 0.0
478 0.5881870892463112 0.0
479 0.5905628130853349 0.0
480 0.5902406957316955 0.0
481 0.5884783451381621 0.0
482 0.589543081393799 0.0
483 0.5852588318872531 0.0
484 0.5872714868719889 0.0
485 0.587381816579605 0.0
486 0.5888681976701406 0.0
487 0.5931278619138789 0.0
488 0.5887569164142805 0.0
489 0.5908455980015203 0.0
490 0.5890434106448597 0.0
491 0.589441486043732 0.0
492 0.5877951502528033 0.0
493 0.587558726818031 0.0
494 0.5862034348292904 0.0
495 0.5879725368901253 0.0
496 0.5876675044675814 0.0
497 0.5873452397756103 0.0
498 0.5884736137154359 0.0
499 0.5873460566556582 0.0
500 0.5881576483773198 0.0
501 0.5866034498742119 0.0
502 0.5878506960760919 0.0
503 0.5873661724388755 0.0
504 0.5847497776172388 0.0
505 0.5875950283706057 0.0
506 0.5867814037162452 0.0
507 0.5875621134249548 0.0
508 0.5864968173155547 0.0
509 0.590864693939412 0.0
510 0.5870252602712447 0.0
511 0.5858804093983357 0.0
512 0.5878231404743649 0.0
513 0.5886680831278096 0.0
514 0.5866620160127662 0.0
515 0.5903876035693019 0.0
516 0.5898494742023223 0.0
517 0.5942530503850181 0.0
518 0.591802178456775 0.0
519 0.5884309092659701 0.0
520 0.5885683035186798 0.0
521 0.5890352319548876 0.0
522 0.5882249728696213 0.0
523 0.588895096560692 0.0
524 0.5884518505069949 0.0
525 0.5892472963659628 0.0
526 0.5898593165339315 0.0
527 0.5865916664712604 0.0
528 0.5870312038822427 0.0
529 0.5859842898959464 0.0
530 0.5908342392128955 0.0
531 0.5873841789125569 0.0
532 0.5860604547877544 0.0
533 0.5872021223852215 0.0
534 0.5876030596850167 0.0
535 0.5859600486728983 0.0
536 0.5865351781579295 0.0
537 0.5846564417148113 0.0
538 0.5874776664178925 0.0
539 0.587360476793897 0.0
540 0.5866067523628531 0.0
541 0.5852581080477751 0.0
542 0.585186155666599 0.0
543 0.5870599974409813 0.0
544 0.5890038415421861 0.0
545 0.5883635987862774 0.0
546 0.5890283852842644 0.0
547 0.5908861767903321 0.0
548 0.5884332671507337 0.0
549 0.5916584251528872 0.0
550 0.5897035515220831 0.0
551 0.5898195978441856 0.0
552 0.5892803971801492 0.0
553 0.5902160462584919 0.0
554 0.5877255509956752 0.0
555 0.5891692790247683 0.0
556 0.5917008039031181 0.0
557 0.5901992706532647 0.0
558 0.5903606318186019 0.0
559 0.5897694757305983 0.0
560 0.5914336890895662 0.0
561 0.5874010895408925 0.0
562 0.5881590570832796 0.0
563 0.5872507810677614 0.0
564 0.5906813936796993 0.0
565 0.5878010425908098 0.0
566 0.5839618499597461 0.0
567 0.5865318339243318 0.0
568 0.5868461765357059 0.0
569 0.585991539029465 0.0
570 0.5894249948927609 0.0
571 0.590656365279567 0.0
572 0.5920011775321693 0.0
573 0.5902384335400221 0.0
574 0.589615194798766 0.0
575 0.5880056505716831 0.0
576 0.5881348841619833 0.0
577 0.5871144030682918 0.0
578 0.5882350841289399 0.0
579 0.5899779195710065 0.0
580 0.5906619988509574 0.0
581 0.5882394064379156 0.0
582 0.592057415561363 0.0
583 0.5885570776394284 0.0
584 0.5916665939933677 0.0
585 0.5925694789865923 0.0
586 0.5929471149099463 0.0
587 0.5890911186210731 0.0
588 0.5871113683723594 0.0
589 0.5906256871061248 0.0
590 0.5920893817657937 0.0
591 0.5901521910216466 0.0
592 0.591194494149271 0.0
593 0.5887485655507911 0.0
594 0.5867150197670347 0.0
595 0.5852866873368472 0.0
596 0.5895075548172568 0.0
597 0.5859384575488326 0.0
598 0.5885493906492558 0.0
599 0.5874925538048191 0.0
600 0.5867496238217522 0.0
601 0.5884568112690284 0.0
602 0.5880431703541729 0.0
603 0.5878033819355185 0.0
604 0.5889586821670183 0.0
605 0.5885853109892151 0.0
606 0.5873143523344561 0.0
607 0.5866410707008521 0.0
608 0.5869774135749775 0.0
609 0.5843105905237954 0.0
610 0.5888338805733222 0.0
611 0.590212376867517 0.0
