Time RateMons NumMons LargestComp 
0.0 -0.0014705882352941176 45.0 6194.0
2040.0 0.0 42.0 6200.0
4080.0 -0.0004901960784313725 42.0 6200.0
6120.0 0.0 41.0 6202.0
8160.0 -0.0004901960784313725 41.0 6202.0
10200.0 0.0 40.0 6210.0
12240.0 0.0004901960784313725 40.0 6210.0
14280.0 0.0 41.0 6192.0
16320.0 0.0 41.0 6192.0
18360.0 0.0 41.0 6188.0
20400.0 0.0 41.0 6188.0
22440.0 0.0 41.0 6188.0
24480.0 -0.000980392156862745 41.0 6188.0
26520.0 -0.0004901960784313725 39.0 6192.0
28560.0 0.0004901960784313725 38.0 6194.0
30600.0 0.0 39.0 6192.0
32640.0 0.0 39.0 6192.0
34680.0 0.0 39.0 6192.0
36720.0 0.0 39.0 6188.0
38760.0 0.0 39.0 6184.0
40800.0 0.0 39.0 6184.0
42840.0 0.0 39.0 6184.0
44880.0 -0.0004901960784313725 39.0 6184.0
46920.0 -0.000980392156862745 38.0 6186.0
48960.0 -0.0004901960784313725 36.0 6190.0
51000.0 0.0004901960784313725 35.0 6192.0
53040.0 0.0004901960784313725 36.0 6182.0
55080.0 0.0004901960784313725 37.0 6162.0
57120.0 0.0 38.0 6148.0
59160.0 -0.0004901960784313725 38.0 6148.0
61200.0 -0.00196078431372549 37.0 6142.0
63240.0 0.0 33.0 6150.0
65280.0 0.0 33.0 6150.0
67320.0 0.0 33.0 6142.0
69360.0 -0.0004901960784313725 33.0 6146.0
71400.0 0.0 32.0 6148.0
73440.0 0.0 32.0 6148.0
75480.0 0.0 32.0 6148.0
77520.0 0.0 32.0 6148.0
79560.0 -0.00196078431372549 32.0 6126.0
81600.0 0.0 28.0 6130.0
83640.0 -0.0004901960784313725 28.0 6130.0
85680.0 0.0 27.0 6138.0
87720.0 0.0 27.0 6138.0
89760.0 0.0 27.0 6142.0
91800.0 0.0 27.0 6142.0
93840.0 0.000980392156862745 27.0 6142.0
95880.0 0.000980392156862745 29.0 6142.0
97920.0 0.0 31.0 6128.0
99960.0 -0.000980392156862745 31.0 6122.0
102000.0 -0.0004901960784313725 29.0 6126.0
104040.0 0.0 28.0 6128.0
106080.0 0.0 28.0 6134.0
108120.0 -0.0014705882352941176 28.0 6134.0
110160.0 0.0 25.0 6140.0
112200.0 0.000980392156862745 25.0 6136.0
114240.0 0.0004901960784313725 27.0 6132.0
116280.0 0.0 28.0 6130.0
118320.0 0.0 28.0 6130.0
120360.0 -0.0004901960784313725 28.0 6130.0
122400.0 -0.0004901960784313725 27.0 6132.0
124440.0 -0.0004901960784313725 26.0 6134.0
126480.0 0.0 25.0 6170.0
128520.0 0.0 25.0 6170.0
130560.0 0.0004901960784313725 25.0 6158.0
132600.0 0.0004901960784313725 26.0 6152.0
134640.0 0.0 27.0 6150.0
136680.0 0.000980392156862745 27.0 6142.0
138720.0 0.0004901960784313725 29.0 6130.0
140760.0 -0.0004901960784313725 30.0 6110.0
142800.0 0.0 29.0 6116.0
144840.0 -0.0004901960784313725 29.0 6120.0
146880.0 -0.0004901960784313725 28.0 6122.0
148920.0 0.0 27.0 6124.0
150960.0 0.0014705882352941176 27.0 6124.0
153000.0 0.0004901960784313725 30.0 6118.0
155040.0 0.0 31.0 6078.0
157080.0 0.0004901960784313725 31.0 6074.0
159120.0 0.0 32.0 6064.0
161160.0 -0.000980392156862745 32.0 6062.0
163200.0 -0.0004901960784313725 30.0 6074.0
165240.0 -0.0004901960784313725 29.0 6082.0
167280.0 0.0 28.0 6110.0
169320.0 0.0004901960784313725 28.0 6110.0
171360.0 0.0 29.0 6064.0
173400.0 0.0 29.0 6064.0
175440.0 0.0 29.0 6064.0
177480.0 0.0 29.0 6042.0
179520.0 -0.0004901960784313725 29.0 6038.0
181560.0 -0.0014705882352941176 28.0 6040.0
183600.0 -0.0004901960784313725 25.0 6058.0
185640.0 0.0 24.0 6070.0
187680.0 -0.0004901960784313725 24.0 6082.0
189720.0 0.0 23.0 6092.0
191760.0 0.0 23.0 6092.0
193800.0 0.0004901960784313725 23.0 6086.0
195840.0 0.0 24.0 6086.0
197880.0 0.0 24.0 6086.0
199920.0 -0.0004901960784313725 24.0 6070.0
201960.0 0.0 23.0 6070.0
204000.0 0.0 23.0 6116.0
206040.0 -0.0014705882352941176 23.0 6116.0
208080.0 0.0 20.0 6146.0
210120.0 0.000980392156862745 20.0 6146.0
212160.0 0.0 22.0 6130.0
214200.0 0.0 22.0 6124.0
216240.0 0.000980392156862745 22.0 6124.0
218280.0 0.0 24.0 6120.0
220320.0 0.0 24.0 6108.0
222360.0 0.0 24.0 6108.0
224400.0 0.0 24.0 6116.0
226440.0 0.0 24.0 6116.0
228480.0 0.0 24.0 6122.0
230520.0 0.0 24.0 6122.0
232560.0 0.0004901960784313725 24.0 6122.0
234600.0 0.000980392156862745 25.0 6110.0
236640.0 0.0 27.0 6106.0
238680.0 0.0 27.0 6100.0
240720.0 -0.0014705882352941176 27.0 6100.0
242760.0 -0.000980392156862745 24.0 6106.0
244800.0 0.0 22.0 6126.0
246840.0 0.0 22.0 6136.0
248880.0 -0.0004901960784313725 22.0 6136.0
250920.0 0.0 21.0 6138.0
252960.0 0.0004901960784313725 21.0 6074.0
255000.0 0.0 22.0 6060.0
257040.0 0.0 22.0 6054.0
259080.0 -0.0004901960784313725 22.0 6048.0
261120.0 0.0 21.0 6050.0
263160.0 -0.0004901960784313725 21.0 6056.0
265200.0 0.0 20.0 6058.0
267240.0 0.0 20.0 6114.0
269280.0 0.0 20.0 6114.0
271320.0 0.000980392156862745 20.0 6114.0
273360.0 0.000980392156862745 22.0 6106.0
275400.0 0.0004901960784313725 24.0 6102.0
277440.0 0.0 25.0 6094.0
279480.0 -0.0014705882352941176 25.0 6094.0
281520.0 0.0 22.0 6100.0
283560.0 -0.0004901960784313725 22.0 6110.0
285600.0 0.0 21.0 6110.0
287640.0 0.0 21.0 6120.0
289680.0 0.0004901960784313725 21.0 6134.0
291720.0 0.000980392156862745 22.0 6118.0
293760.0 0.0 24.0 6102.0
295800.0 0.0 24.0 6082.0
297840.0 0.0 24.0 6072.0
299880.0 0.0 24.0 6072.0
301920.0 -0.0004901960784313725 24.0 6072.0
303960.0 0.0 23.0 6082.0
306000.0 0.0 23.0 6082.0
308040.0 -0.0004901960784313725 23.0 6094.0
310080.0 0.0 22.0 6102.0
312120.0 0.0004901960784313725 22.0 6094.0
314160.0 0.0004901960784313725 23.0 6074.0
316200.0 0.0004901960784313725 24.0 6064.0
318240.0 0.0 25.0 6062.0
320280.0 0.0 25.0 6054.0
322320.0 0.0 25.0 6054.0
324360.0 -0.0004901960784313725 25.0 6054.0
326400.0 -0.0004901960784313725 24.0 6088.0
328440.0 0.0 23.0 6100.0
330480.0 0.0004901960784313725 23.0 6114.0
332520.0 0.000980392156862745 24.0 6098.0
334560.0 0.0 26.0 6094.0
336600.0 0.0 26.0 6082.0
338640.0 0.0004901960784313725 26.0 6082.0
340680.0 -0.0004901960784313725 27.0 6080.0
342720.0 -0.0004901960784313725 26.0 6082.0
344760.0 0.0 25.0 6088.0
346800.0 -0.0004901960784313725 25.0 6088.0
348840.0 0.0 24.0 6102.0
350880.0 0.0004901960784313725 24.0 6102.0
352920.0 0.0 25.0 6092.0
354960.0 0.0 25.0 6092.0
357000.0 0.0 25.0 6092.0
359040.0 -0.000980392156862745 25.0 6092.0
361080.0 -0.0004901960784313725 23.0 6076.0
363120.0 0.0 22.0 6082.0
365160.0 -0.0004901960784313725 22.0 6082.0
367200.0 -0.000980392156862745 21.0 6096.0
369240.0 0.0 19.0 6100.0
371280.0 0.0004901960784313725 19.0 6100.0
373320.0 0.0 20.0 6090.0
375360.0 0.0 20.0 6090.0
377400.0 0.0004901960784313725 20.0 6072.0
379440.0 0.0 21.0 6066.0
381480.0 -0.000980392156862745 21.0 6038.0
383520.0 0.0 19.0 6042.0
385560.0 0.0 19.0 6062.0
387600.0 0.0 19.0 6062.0
389640.0 0.0 19.0 6062.0
391680.0 0.0 19.0 6062.0
393720.0 0.0 19.0 6062.0
395760.0 0.000980392156862745 19.0 6056.0
397800.0 0.0 21.0 6048.0
399840.0 -0.0004901960784313725 21.0 6044.0
401880.0 0.0 20.0 6046.0
403920.0 -0.0004901960784313725 20.0 6052.0
405960.0 -0.0004901960784313725 19.0 6054.0
408000.0 0.0 18.0 6062.0
410040.0 0.0 18.0 6062.0
412080.0 0.0 18.0 6046.0
414120.0 0.0 18.0 6020.0
416160.0 0.0 18.0 6012.0
418200.0 0.0004901960784313725 18.0 6012.0
420240.0 -0.0014705882352941176 19.0 6010.0
422280.0 0.0 16.0 6014.0
424320.0 -0.0004901960784313725 16.0 6034.0
426360.0 0.0 15.0 6058.0
428400.0 0.0 15.0 6064.0
430440.0 0.0 15.0 6064.0
432480.0 0.0004901960784313725 15.0 6064.0
434520.0 0.0004901960784313725 16.0 6062.0
436560.0 0.0004901960784313725 17.0 6052.0
438600.0 -0.0004901960784313725 18.0 6050.0
440640.0 0.0 17.0 6044.0
442680.0 0.0 17.0 6044.0
444720.0 0.0 17.0 6052.0
446760.0 0.0 17.0 6074.0
448800.0 -0.0004901960784313725 17.0 6082.0
450840.0 0.0 16.0 6084.0
452880.0 0.0 16.0 6070.0
454920.0 0.0 16.0 6064.0
456960.0 0.0 16.0 6034.0
459000.0 0.0 16.0 6026.0
461040.0 0.0 16.0 6026.0
463080.0 0.0 16.0 6026.0
465120.0 -0.0004901960784313725 16.0 6034.0
467160.0 -0.0004901960784313725 15.0 6034.0
469200.0 0.0004901960784313725 14.0 6044.0
471240.0 0.0 15.0 6050.0
473280.0 0.0 15.0 6050.0
475320.0 0.0004901960784313725 15.0 6050.0
477360.0 0.0004901960784313725 16.0 6044.0
479400.0 0.0 17.0 5994.0
481440.0 -0.000980392156862745 17.0 6010.0
483480.0 0.0 15.0 6016.0
485520.0 0.0 15.0 6036.0
487560.0 -0.0004901960784313725 15.0 6036.0
489600.0 0.0 14.0 6044.0
491640.0 0.0 14.0 6044.0
493680.0 0.0 14.0 6044.0
495720.0 0.0 14.0 6026.0
497760.0 0.0 14.0 6026.0
499800.0 0.0 14.0 6016.0
501840.0 -0.0004901960784313725 14.0 6016.0
503880.0 0.0 13.0 6018.0
505920.0 0.0 13.0 6030.0
507960.0 0.0 13.0 6030.0
510000.0 0.0004901960784313725 13.0 6030.0
512040.0 0.0004901960784313725 14.0 6028.0
514080.0 0.0004901960784313725 15.0 6008.0
516120.0 0.0 16.0 6000.0
518160.0 0.0 16.0 5978.0
520200.0 0.0 16.0 5974.0
522240.0 0.0 16.0 5998.0
524280.0 0.0 16.0 6012.0
526320.0 0.0 16.0 6018.0
528360.0 -0.0004901960784313725 16.0 6018.0
530400.0 0.0004901960784313725 15.0 6046.0
532440.0 0.0 16.0 6018.0
534480.0 0.0004901960784313725 16.0 6006.0
536520.0 0.0004901960784313725 17.0 6004.0
538560.0 0.0004901960784313725 18.0 5978.0
540600.0 0.0 19.0 5960.0
542640.0 -0.0014705882352941176 19.0 5998.0
544680.0 0.0 16.0 6030.0
546720.0 -0.0004901960784313725 16.0 6030.0
548760.0 0.0 15.0 6040.0
550800.0 0.0004901960784313725 15.0 6048.0
552840.0 0.0004901960784313725 16.0 6046.0
554880.0 0.0 17.0 6044.0
556920.0 0.0 17.0 6036.0
558960.0 0.0004901960784313725 17.0 6036.0
561000.0 -0.0004901960784313725 18.0 6046.0
563040.0 0.0 17.0 6054.0
565080.0 0.0 17.0 6054.0
567120.0 0.0 17.0 6054.0
569160.0 0.0 17.0 6058.0
571200.0 0.0 17.0 6058.0
573240.0 0.0 17.0 6038.0
575280.0 0.0004901960784313725 17.0 6020.0
577320.0 0.0 18.0 6008.0
579360.0 0.0 18.0 6008.0
581400.0 -0.0004901960784313725 18.0 6008.0
583440.0 0.0 17.0 6010.0
585480.0 -0.0004901960784313725 17.0 6018.0
587520.0 -0.0004901960784313725 16.0 6064.0
589560.0 0.000980392156862745 15.0 6064.0
591600.0 0.0 17.0 6050.0
593640.0 0.0004901960784313725 17.0 6050.0
595680.0 0.0004901960784313725 18.0 6040.0
597720.0 0.0 19.0 6038.0
599760.0 0.0 19.0 6038.0
601800.0 0.0 19.0 6052.0
603840.0 0.0 19.0 6090.0
605880.0 -0.0004901960784313725 19.0 6090.0
607920.0 -0.0004901960784313725 18.0 6092.0
609960.0 0.0 17.0 6102.0
612000.0 0.0 17.0 6086.0
614040.0 0.0 17.0 6086.0
616080.0 0.0004901960784313725 17.0 6080.0
618120.0 0.0 18.0 6078.0
620160.0 0.0 18.0 6070.0
622200.0 0.0 18.0 6078.0
624240.0 0.0 18.0 6078.0
626280.0 0.0 18.0 6088.0
628320.0 -0.0004901960784313725 18.0 6088.0
630360.0 0.0 17.0 6098.0
632400.0 0.0 17.0 6090.0
634440.0 0.0004901960784313725 17.0 6084.0
636480.0 0.0 18.0 6072.0
638520.0 0.0 18.0 6032.0
640560.0 -0.000980392156862745 18.0 6032.0
642600.0 0.0 16.0 6054.0
644640.0 -0.0004901960784313725 16.0 6054.0
646680.0 0.0 15.0 6084.0
648720.0 -0.0004901960784313725 15.0 6096.0
650760.0 0.0 14.0 6098.0
652800.0 0.0 14.0 6098.0
654840.0 0.0 14.0 6098.0
656880.0 0.0 14.0 6076.0
658920.0 0.0 14.0 6076.0
660960.0 0.0 14.0 6076.0
663000.0 -0.0004901960784313725 14.0 6084.0
665040.0 0.0 13.0 6100.0
667080.0 -0.0004901960784313725 13.0 6108.0
669120.0 0.0 12.0 6110.0
671160.0 0.0 12.0 6060.0
673200.0 0.0 12.0 6052.0
675240.0 0.0 12.0 6044.0
677280.0 0.0 12.0 6032.0
679320.0 0.0 12.0 6010.0
681360.0 0.0 12.0 6016.0
683400.0 0.0 12.0 6026.0
685440.0 0.0 12.0 6026.0
687480.0 0.0 12.0 6032.0
689520.0 0.0 12.0 6042.0
691560.0 0.0 12.0 6056.0
693600.0 0.0 12.0 6056.0
695640.0 0.0004901960784313725 12.0 6042.0
697680.0 0.0 13.0 6026.0
699720.0 -0.000980392156862745 13.0 6026.0
701760.0 0.0 11.0 6020.0
703800.0 0.0 11.0 6070.0
705840.0 0.0 11.0 6084.0
707880.0 0.0 11.0 6084.0
709920.0 0.0 11.0 6084.0
711960.0 0.0 11.0 6076.0
714000.0 0.0 11.0 6064.0
716040.0 0.0 11.0 6042.0
718080.0 0.0 11.0 6042.0
720120.0 0.0 11.0 6028.0
722160.0 -0.0004901960784313725 11.0 6028.0
724200.0 -0.0004901960784313725 10.0 6030.0
726240.0 0.0 9.0 6042.0
728280.0 0.0 9.0 6042.0
730320.0 0.0 9.0 6048.0
732360.0 0.0 9.0 6042.0
734400.0 0.0 9.0 6042.0
736440.0 0.0 9.0 6042.0
738480.0 0.0004901960784313725 9.0 6034.0
740520.0 0.0 10.0 6016.0
742560.0 0.0 10.0 6024.0
744600.0 0.0 10.0 6034.0
746640.0 0.0 10.0 6038.0
748680.0 0.0 10.0 6038.0
750720.0 0.0 10.0 6038.0
752760.0 0.0 10.0 6034.0
754800.0 0.0004901960784313725 10.0 6034.0
756840.0 0.0 11.0 6024.0
758880.0 0.0004901960784313725 11.0 6012.0
760920.0 0.0 12.0 6010.0
762960.0 -0.0004901960784313725 12.0 6010.0
765000.0 0.0 11.0 6044.0
767040.0 0.0 11.0 6048.0
769080.0 0.0 11.0 6052.0
771120.0 0.0 11.0 6036.0
773160.0 0.0 11.0 6022.0
775200.0 0.0004901960784313725 11.0 6022.0
777240.0 0.0 12.0 6004.0
779280.0 0.0 12.0 5984.0
781320.0 0.0 12.0 5978.0
783360.0 0.0 12.0 5978.0
785400.0 0.0 12.0 5986.0
787440.0 0.0 12.0 6032.0
789480.0 0.0 12.0 6054.0
791520.0 0.0 12.0 6046.0
793560.0 0.0 12.0 6022.0
795600.0 0.0 12.0 5998.0
797640.0 0.0 12.0 5998.0
799680.0 -0.0004901960784313725 12.0 5990.0
801720.0 0.0 11.0 5984.0
803760.0 0.0 11.0 5998.0
805800.0 0.0 11.0 6010.0
807840.0 0.0 11.0 6010.0
809880.0 0.0 11.0 6010.0
811920.0 0.0 11.0 5986.0
813960.0 0.0 11.0 5964.0
816000.0 0.0 11.0 5926.0
818040.0 0.0004901960784313725 11.0 5920.0
820080.0 -0.0004901960784313725 12.0 5908.0
822120.0 0.0 11.0 5918.0
824160.0 0.0 11.0 5938.0
826200.0 0.0 11.0 5946.0
828240.0 0.0 11.0 5976.0
830280.0 0.0 11.0 5982.0
832320.0 0.0004901960784313725 11.0 5982.0
834360.0 0.0004901960784313725 12.0 5972.0
836400.0 0.0 13.0 5956.0
838440.0 0.0004901960784313725 13.0 5956.0
840480.0 -0.000980392156862745 14.0 5954.0
842520.0 -0.0004901960784313725 12.0 5974.0
844560.0 0.0 11.0 5976.0
846600.0 0.0 11.0 5984.0
848640.0 0.0 11.0 5984.0
850680.0 0.0 11.0 5984.0
852720.0 0.0 11.0 5984.0
854760.0 0.0 11.0 5976.0
856800.0 0.0 11.0 5976.0
858840.0 0.0004901960784313725 11.0 5956.0
860880.0 0.0 12.0 5952.0
862920.0 0.0 12.0 5952.0
864960.0 -0.0004901960784313725 12.0 5960.0
867000.0 0.0 11.0 5974.0
869040.0 0.0 11.0 5974.0
871080.0 0.0014705882352941176 11.0 5962.0
873120.0 0.0 14.0 5960.0
875160.0 0.0 14.0 5938.0
877200.0 0.0 14.0 5928.0
879240.0 -0.0004901960784313725 14.0 5924.0
881280.0 0.0 13.0 5926.0
883320.0 -0.0004901960784313725 13.0 5926.0
885360.0 0.0 12.0 5936.0
887400.0 -0.0004901960784313725 12.0 5936.0
889440.0 0.0004901960784313725 11.0 5938.0
891480.0 0.0 12.0 5928.0
893520.0 0.0 12.0 5928.0
895560.0 0.0 12.0 5922.0
897600.0 0.0 12.0 5906.0
899640.0 0.0 12.0 5902.0
901680.0 0.0 12.0 5926.0
903720.0 0.0 12.0 5934.0
905760.0 0.0 12.0 5934.0
907800.0 0.0 12.0 5940.0
909840.0 0.0004901960784313725 12.0 5940.0
911880.0 0.0 13.0 5932.0
913920.0 0.0 13.0 5926.0
915960.0 0.0004901960784313725 13.0 5926.0
918000.0 0.0 14.0 5924.0
920040.0 -0.0004901960784313725 14.0 5906.0
922080.0 -0.0004901960784313725 13.0 5926.0
924120.0 0.0 12.0 5928.0
926160.0 0.0 12.0 5942.0
928200.0 0.0 12.0 5964.0
930240.0 0.0 12.0 5964.0
932280.0 0.0 12.0 5964.0
934320.0 0.0 12.0 5956.0
936360.0 0.0 12.0 5900.0
938400.0 0.0014705882352941176 12.0 5874.0
940440.0 -0.000980392156862745 15.0 5852.0
942480.0 0.0 13.0 5868.0
944520.0 -0.000980392156862745 13.0 5912.0
946560.0 -0.0004901960784313725 11.0 5924.0
948600.0 0.0 10.0 5940.0
950640.0 0.0 10.0 5926.0
952680.0 0.0 10.0 5904.0
954720.0 0.0004901960784313725 10.0 5898.0
956760.0 0.0004901960784313725 11.0 5892.0
958800.0 0.0004901960784313725 12.0 5842.0
960840.0 0.0 13.0 5840.0
962880.0 0.0 13.0 5840.0
964920.0 0.0 13.0 5868.0
966960.0 0.0 13.0 5888.0
969000.0 0.0 13.0 5908.0
971040.0 0.0 13.0 5926.0
973080.0 0.0 13.0 5912.0
975120.0 0.0 13.0 5908.0
977160.0 0.0 13.0 5894.0
979200.0 0.0004901960784313725 13.0 5888.0
981240.0 0.0 14.0 5872.0
983280.0 0.0 14.0 5872.0
985320.0 0.0 14.0 5872.0
987360.0 0.0 14.0 5872.0
989400.0 0.0004901960784313725 14.0 5880.0
991440.0 0.0 15.0 5878.0
993480.0 0.0004901960784313725 15.0 5870.0
995520.0 0.0004901960784313725 16.0 5868.0
997560.0 0.0 17.0 5858.0
999600.0 0.0 17.0 5858.0
1001640.0 -0.000980392156862745 17.0 5870.0
1003680.0 0.0 15.0 5882.0
1005720.0 0.0 15.0 5882.0
1007760.0 -0.0004901960784313725 15.0 5890.0
1009800.0 0.0 14.0 5900.0
1011840.0 0.0004901960784313725 14.0 5884.0
1013880.0 0.0 15.0 5870.0
1015920.0 0.0 15.0 5850.0
1017960.0 0.0 15.0 5850.0
1020000.0 0.0 15.0 5850.0
1022040.0 0.0 15.0 5878.0
1024080.0 0.0 15.0 5884.0
1026120.0 -0.0004901960784313725 15.0 5890.0
1028160.0 -0.0004901960784313725 14.0 5892.0
1030200.0 0.000980392156862745 13.0 5900.0
1032240.0 0.0004901960784313725 15.0 5888.0
1034280.0 0.0 16.0 5886.0
1036320.0 0.000980392156862745 16.0 5886.0
1038360.0 0.0 18.0 5882.0
1040400.0 0.0 18.0 5874.0
1042440.0 -0.0004901960784313725 18.0 5874.0
1044480.0 0.0 17.0 5890.0
1046520.0 0.0 17.0 5908.0
1048560.0 -0.000980392156862745 17.0 5908.0
1050600.0 0.0004901960784313725 15.0 5920.0
1052640.0 0.0 16.0 5918.0
1054680.0 0.0 16.0 5912.0
1056720.0 0.000980392156862745 16.0 5900.0
1058760.0 0.0004901960784313725 18.0 5858.0
1060800.0 -0.0004901960784313725 19.0 5858.0
1062840.0 0.0 18.0 5874.0
1064880.0 0.0 18.0 5898.0
1066920.0 -0.0004901960784313725 18.0 5918.0
1068960.0 -0.0004901960784313725 17.0 5926.0
1071000.0 0.0004901960784313725 16.0 5928.0
1073040.0 0.0 17.0 5926.0
1075080.0 0.0004901960784313725 17.0 5898.0
1077120.0 0.0 18.0 5896.0
1079160.0 0.0 18.0 5896.0
1081200.0 -0.0004901960784313725 18.0 5886.0
1083240.0 0.0 17.0 5918.0
1085280.0 0.0 17.0 5924.0
1087320.0 0.0 17.0 5924.0
1089360.0 0.0 17.0 5924.0
1091400.0 0.0 17.0 5924.0
1093440.0 0.0 17.0 5888.0
1095480.0 0.0 17.0 5880.0
1097520.0 0.000980392156862745 17.0 5880.0
1099560.0 0.0 19.0 5836.0
1101600.0 0.0 19.0 5836.0
1103640.0 -0.0004901960784313725 19.0 5858.0
1105680.0 0.0 18.0 5860.0
1107720.0 0.0 18.0 5860.0
1109760.0 0.0 18.0 5860.0
1111800.0 0.000980392156862745 18.0 5854.0
1113840.0 0.0004901960784313725 20.0 5814.0
1115880.0 0.0 21.0 5812.0
1117920.0 0.0 21.0 5812.0
1119960.0 -0.000980392156862745 21.0 5788.0
1122000.0 0.0 19.0 5788.0
1124040.0 0.0 19.0 5910.0
1126080.0 0.0 19.0 5918.0
1128120.0 0.0 19.0 5926.0
1130160.0 0.0004901960784313725 19.0 5940.0
1132200.0 0.000980392156862745 20.0 5938.0
1134240.0 0.0 22.0 5936.0
1136280.0 0.0004901960784313725 22.0 5928.0
1138320.0 0.0004901960784313725 23.0 5918.0
1140360.0 0.0 24.0 5860.0
1142400.0 -0.0004901960784313725 24.0 5868.0
1144440.0 0.0 23.0 5886.0
1146480.0 0.0 23.0 5886.0
1148520.0 0.0 23.0 5904.0
1150560.0 0.0 23.0 5904.0
1152600.0 0.0 23.0 5856.0
1154640.0 0.0 23.0 5856.0
1156680.0 0.0004901960784313725 23.0 5842.0
1158720.0 -0.0004901960784313725 24.0 5840.0
1160760.0 0.0 23.0 5832.0
1162800.0 0.0 23.0 5832.0
1164840.0 0.0 23.0 5832.0
1166880.0 -0.0004901960784313725 23.0 5872.0
1168920.0 -0.0004901960784313725 22.0 5874.0
1170960.0 0.0 21.0 5880.0
1173000.0 0.0 21.0 5866.0
1175040.0 0.0 21.0 5848.0
1177080.0 0.0 21.0 5832.0
1179120.0 0.0 21.0 5816.0
1181160.0 0.0 21.0 5812.0
1183200.0 -0.0004901960784313725 21.0 5822.0
1185240.0 0.0 20.0 5876.0
1187280.0 -0.0004901960784313725 20.0 5876.0
1189320.0 0.0 19.0 5884.0
1191360.0 0.0 19.0 5870.0
1193400.0 0.0 19.0 5870.0
1195440.0 0.0 19.0 5870.0
1197480.0 0.0004901960784313725 19.0 5862.0
1199520.0 0.0 20.0 5822.0
1201560.0 0.0 20.0 5822.0
1203600.0 0.0 20.0 5846.0
1205640.0 0.0 20.0 5864.0
1207680.0 0.0 20.0 5864.0
1209720.0 -0.0004901960784313725 20.0 5864.0
1211760.0 0.0 19.0 5866.0
1213800.0 0.0 19.0 5794.0
1215840.0 0.0 19.0 5786.0
1217880.0 0.0 19.0 5726.0
1219920.0 -0.0004901960784313725 19.0 5696.0
1221960.0 0.0 18.0 5728.0
1224000.0 -0.000980392156862745 18.0 5732.0
1226040.0 0.0 16.0 5778.0
1228080.0 0.0 16.0 5848.0
1230120.0 0.0014705882352941176 16.0 5854.0
1232160.0 0.0 19.0 5822.0
1234200.0 0.000980392156862745 19.0 5822.0
1236240.0 0.0004901960784313725 21.0 5802.0
1238280.0 0.0004901960784313725 22.0 5762.0
1240320.0 0.0 23.0 5702.0
1242360.0 0.0 23.0 5702.0
1244400.0 -0.0004901960784313725 23.0 5712.0
1246440.0 -0.0004901960784313725 22.0 5752.0
1248480.0 0.0 21.0 5754.0
1250520.0 0.0 21.0 5786.0
1252560.0 0.0 21.0 5778.0
1254600.0 0.0004901960784313725 21.0 5778.0
1256640.0 0.0 22.0 5776.0
1258680.0 0.0 22.0 5768.0
1260720.0 0.0 22.0 5768.0
1262760.0 -0.0004901960784313725 22.0 5778.0
1264800.0 0.0 21.0 5806.0
1266840.0 0.0 21.0 5854.0
1268880.0 0.0 21.0 5854.0
1270920.0 0.0 21.0 5862.0
1272960.0 0.0004901960784313725 21.0 5862.0
1275000.0 0.0 22.0 5852.0
1277040.0 0.0004901960784313725 22.0 5840.0
1279080.0 -0.0004901960784313725 23.0 5820.0
1281120.0 0.0 22.0 5814.0
1283160.0 0.0 22.0 5844.0
1285200.0 0.0 22.0 5844.0
1287240.0 0.0 22.0 5844.0
1289280.0 0.0 22.0 5844.0
1291320.0 0.0 22.0 5832.0
1293360.0 0.0 22.0 5824.0
1295400.0 0.0004901960784313725 22.0 5824.0
1297440.0 0.0 23.0 5822.0
1299480.0 0.0 23.0 5788.0
1301520.0 -0.0004901960784313725 23.0 5788.0
1303560.0 0.0 22.0 5798.0
1305600.0 0.0 22.0 5798.0
1307640.0 0.0 22.0 5822.0
1309680.0 0.0004901960784313725 22.0 5868.0
1311720.0 0.0 23.0 5856.0
1313760.0 0.0004901960784313725 23.0 5786.0
1315800.0 0.0 24.0 5756.0
1317840.0 0.0004901960784313725 24.0 5748.0
1319880.0 -0.0004901960784313725 25.0 5724.0
1321920.0 0.0 24.0 5724.0
1323960.0 -0.0004901960784313725 24.0 5740.0
1326000.0 -0.0004901960784313725 23.0 5764.0
1328040.0 0.0 22.0 5766.0
1330080.0 0.0004901960784313725 22.0 5766.0
1332120.0 0.000980392156862745 23.0 5764.0
1334160.0 0.0 25.0 5764.0
1336200.0 0.0 25.0 5758.0
1338240.0 0.0004901960784313725 25.0 5758.0
1340280.0 0.0 26.0 5756.0
1342320.0 0.0 26.0 5762.0
1344360.0 0.0 26.0 5762.0
1346400.0 0.0 26.0 5778.0
1348440.0 0.0 26.0 5778.0
1350480.0 0.0 26.0 5792.0
1352520.0 0.0 26.0 5786.0
1354560.0 0.0004901960784313725 26.0 5786.0
1356600.0 0.0 27.0 5784.0
1358640.0 0.0 27.0 5748.0
1360680.0 -0.0004901960784313725 27.0 5748.0
1362720.0 -0.0004901960784313725 26.0 5752.0
1364760.0 0.0 25.0 5778.0
1366800.0 -0.000980392156862745 25.0 5778.0
1368840.0 0.0 23.0 5796.0
1370880.0 0.0 23.0 5796.0
1372920.0 0.0 23.0 5788.0
1374960.0 0.000980392156862745 23.0 5782.0
1377000.0 0.0 25.0 5778.0
1379040.0 0.0004901960784313725 25.0 5772.0
1381080.0 0.0 26.0 5772.0
1383120.0 -0.0004901960784313725 26.0 5772.0
1385160.0 -0.0004901960784313725 25.0 5780.0
1387200.0 -0.0004901960784313725 24.0 5790.0
1389240.0 0.0 23.0 5874.0
1391280.0 0.0004901960784313725 23.0 5878.0
1393320.0 0.0 24.0 5844.0
1395360.0 0.0 24.0 5844.0
1397400.0 0.0 24.0 5844.0
1399440.0 0.0 24.0 5834.0
1401480.0 0.0 24.0 5828.0
1403520.0 -0.0004901960784313725 24.0 5834.0
1405560.0 0.0 23.0 5834.0
1407600.0 0.0 23.0 5834.0
1409640.0 0.0004901960784313725 23.0 5834.0
1411680.0 0.0 24.0 5818.0
1413720.0 0.0 24.0 5814.0
1415760.0 0.0 24.0 5814.0
1417800.0 0.0 24.0 5814.0
1419840.0 -0.0004901960784313725 24.0 5800.0
1421880.0 -0.0004901960784313725 23.0 5802.0
1423920.0 -0.0004901960784313725 22.0 5842.0
1425960.0 0.0 21.0 5858.0
1428000.0 0.0 21.0 5874.0
1430040.0 0.0 21.0 5890.0
1432080.0 0.0 21.0 5882.0
1434120.0 0.0 21.0 5882.0
1436160.0 0.0 21.0 5872.0
1438200.0 0.0 21.0 5872.0
1440240.0 0.0 21.0 5838.0
1442280.0 0.0 21.0 5876.0
1444320.0 0.0 21.0 5888.0
1446360.0 0.0 21.0 5910.0
1448400.0 0.0 21.0 5918.0
1450440.0 0.0 21.0 5926.0
1452480.0 0.000980392156862745 21.0 5862.0
1454520.0 0.0 23.0 5858.0
1456560.0 0.0 23.0 5848.0
1458600.0 0.0 23.0 5842.0
1460640.0 -0.0004901960784313725 23.0 5830.0
1462680.0 0.0 22.0 5832.0
1464720.0 0.0 22.0 5832.0
1466760.0 -0.0004901960784313725 22.0 5832.0
1468800.0 0.0 21.0 5850.0
1470840.0 0.0004901960784313725 21.0 5858.0
1472880.0 0.0 22.0 5850.0
1474920.0 0.000980392156862745 22.0 5850.0
1476960.0 0.0 24.0 5842.0
1479000.0 0.0 24.0 5832.0
1481040.0 -0.0004901960784313725 24.0 5832.0
1483080.0 -0.0004901960784313725 23.0 5902.0
1485120.0 -0.0004901960784313725 22.0 5910.0
1487160.0 -0.0004901960784313725 21.0 5912.0
1489200.0 0.0004901960784313725 20.0 5914.0
1491240.0 0.0004901960784313725 21.0 5912.0
1493280.0 0.0 22.0 5900.0
1495320.0 0.000980392156862745 22.0 5900.0
1497360.0 0.0 24.0 5896.0
1499400.0 0.0 24.0 5888.0
1501440.0 -0.0004901960784313725 24.0 5888.0
1503480.0 0.0 23.0 5910.0
1505520.0 -0.0004901960784313725 23.0 5910.0
1507560.0 -0.0004901960784313725 22.0 5938.0
1509600.0 0.0 21.0 5940.0
1511640.0 0.0 21.0 5940.0
1513680.0 0.0 21.0 5940.0
1515720.0 0.0004901960784313725 21.0 5940.0
1517760.0 0.0 22.0 5938.0
1519800.0 0.0 22.0 5908.0
1521840.0 -0.0004901960784313725 22.0 5908.0
1523880.0 0.0 21.0 5918.0
1525920.0 -0.0004901960784313725 21.0 5958.0
1527960.0 0.0 20.0 5968.0
1530000.0 0.0 20.0 5968.0
1532040.0 0.0004901960784313725 20.0 5960.0
1534080.0 0.0 21.0 5960.0
1536120.0 0.0004901960784313725 21.0 5952.0
1538160.0 0.000980392156862745 22.0 5950.0
1540200.0 0.0 24.0 5932.0
1542240.0 0.0 24.0 5940.0
1544280.0 -0.000980392156862745 24.0 5962.0
1546320.0 0.0 22.0 5966.0
1548360.0 0.0 22.0 5984.0
1550400.0 0.0 22.0 5990.0
1552440.0 0.0 22.0 5966.0
1554480.0 0.0004901960784313725 22.0 5948.0
1556520.0 0.0004901960784313725 23.0 5938.0
1558560.0 0.0 24.0 5904.0
1560600.0 0.0 24.0 5904.0
1562640.0 0.0 24.0 5932.0
1564680.0 0.0 24.0 5956.0
1566720.0 -0.0004901960784313725 24.0 5978.0
1568760.0 0.0004901960784313725 23.0 5978.0
1570800.0 0.0004901960784313725 24.0 5990.0
1572840.0 0.0 25.0 5988.0
1574880.0 0.0 25.0 5956.0
1576920.0 0.0 25.0 5956.0
1578960.0 0.0 25.0 5948.0
1581000.0 0.0 25.0 5934.0
1583040.0 0.0 25.0 5942.0
1585080.0 0.0 25.0 5950.0
1587120.0 0.0 25.0 5972.0
1589160.0 0.0 25.0 5972.0
1591200.0 0.000980392156862745 25.0 5976.0
1593240.0 0.0 27.0 5966.0
1595280.0 0.0 27.0 5962.0
1597320.0 0.0 27.0 5956.0
1599360.0 -0.0004901960784313725 27.0 5956.0
1601400.0 -0.000980392156862745 26.0 5958.0
1603440.0 0.0 24.0 5986.0
1605480.0 0.0 24.0 6008.0
1607520.0 -0.0004901960784313725 24.0 6008.0
1609560.0 -0.000980392156862745 23.0 6010.0
1611600.0 0.0 21.0 6006.0
1613640.0 0.0 21.0 6002.0
1615680.0 0.0 21.0 6002.0
1617720.0 0.0 21.0 5968.0
1619760.0 0.0 21.0 5942.0
1621800.0 0.0 21.0 5950.0
1623840.0 -0.000980392156862745 21.0 5950.0
1625880.0 0.0 19.0 5972.0
1627920.0 0.0 19.0 5972.0
1629960.0 0.0004901960784313725 19.0 5976.0
1632000.0 0.0 20.0 5966.0
1634040.0 0.0 20.0 5966.0
1636080.0 0.0 20.0 5944.0
1638120.0 0.0004901960784313725 20.0 5944.0
1640160.0 0.0 21.0 5942.0
1642200.0 -0.0004901960784313725 21.0 5952.0
1644240.0 0.0 20.0 5962.0
1646280.0 0.0 20.0 5970.0
1648320.0 0.0 20.0 5978.0
1650360.0 0.0 20.0 5984.0
1652400.0 0.0 20.0 5948.0
1654440.0 0.0 20.0 5948.0
1656480.0 0.0 20.0 5920.0
1658520.0 0.0 20.0 5878.0
1660560.0 0.0 20.0 5878.0
1662600.0 0.0 20.0 5896.0
1664640.0 -0.0004901960784313725 20.0 5936.0
1666680.0 0.0 19.0 5956.0
1668720.0 0.0 19.0 5964.0
1670760.0 0.0 19.0 5964.0
1672800.0 0.0 19.0 5964.0
1674840.0 0.0004901960784313725 19.0 5944.0
1676880.0 0.0 20.0 5926.0
1678920.0 0.0 20.0 5926.0
1680960.0 -0.0004901960784313725 20.0 5918.0
1683000.0 0.0 19.0 5928.0
1685040.0 -0.0004901960784313725 19.0 5928.0
1687080.0 -0.0004901960784313725 18.0 5930.0
1689120.0 0.0 17.0 5954.0
1691160.0 0.0 17.0 5946.0
1693200.0 0.0 17.0 5930.0
1695240.0 0.0004901960784313725 17.0 5908.0
1697280.0 0.0 18.0 5906.0
1699320.0 0.0 18.0 5884.0
1701360.0 0.0 18.0 5876.0
1703400.0 0.0 18.0 5876.0
1705440.0 -0.0004901960784313725 18.0 5876.0
1707480.0 0.0 17.0 5890.0
1709520.0 0.0004901960784313725 17.0 5912.0
1711560.0 0.0 18.0 5896.0
1713600.0 0.0 18.0 5856.0
1715640.0 0.0 18.0 5832.0
1717680.0 0.0 18.0 5824.0
1719720.0 0.0 18.0 5804.0
1721760.0 -0.0004901960784313725 18.0 5804.0
1723800.0 0.0 17.0 5806.0
1725840.0 0.0 17.0 5806.0
1727880.0 0.0 17.0 5820.0
1729920.0 0.0 17.0 5850.0
1731960.0 0.00196078431372549 17.0 5800.0
1734000.0 0.0004901960784313725 21.0 5772.0
1736040.0 0.0 22.0 5760.0
1738080.0 0.0 22.0 5760.0
1740120.0 0.0 22.0 5748.0
1742160.0 -0.000980392156862745 22.0 5756.0
1744200.0 0.0 20.0 5772.0
1746240.0 0.0 20.0 5772.0
1748280.0 0.0 20.0 5794.0
1750320.0 0.0 20.0 5794.0
1752360.0 0.0 20.0 5794.0
1754400.0 0.0 20.0 5794.0
1756440.0 0.0 20.0 5794.0
1758480.0 0.0 20.0 5788.0
1760520.0 0.0 20.0 5798.0
1762560.0 0.0 20.0 5818.0
1764600.0 0.0 20.0 5874.0
1766640.0 -0.000980392156862745 20.0 5874.0
1768680.0 -0.0004901960784313725 18.0 5874.0
1770720.0 0.0 17.0 5922.0
1772760.0 0.0004901960784313725 17.0 5914.0
1774800.0 0.0004901960784313725 18.0 5914.0
1776840.0 0.0 19.0 5900.0
1778880.0 0.0 19.0 5868.0
1780920.0 -0.000980392156862745 19.0 5868.0
1782960.0 0.0 17.0 5892.0
1785000.0 0.0 17.0 5908.0
1787040.0 0.0 17.0 5916.0
1789080.0 0.0 17.0 5934.0
1791120.0 0.0 17.0 5910.0
1793160.0 0.0 17.0 5902.0
1795200.0 0.0004901960784313725 17.0 5902.0
1797240.0 0.0 18.0 5834.0
1799280.0 0.0 18.0 5834.0
1801320.0 0.0 18.0 5826.0
1803360.0 0.0 18.0 5826.0
1805400.0 0.0 18.0 5826.0
1807440.0 0.0 18.0 5826.0
1809480.0 -0.000980392156862745 18.0 5826.0
1811520.0 0.0 16.0 5772.0
1813560.0 0.0 16.0 5772.0
1815600.0 0.0 16.0 5772.0
1817640.0 0.0 16.0 5772.0
1819680.0 0.0004901960784313725 16.0 5746.0
1821720.0 0.0 17.0 5744.0
1823760.0 0.0 17.0 5744.0
1825800.0 -0.0004901960784313725 17.0 5760.0
1827840.0 -0.0004901960784313725 16.0 5768.0
1829880.0 0.0 15.0 5776.0
1831920.0 0.0 15.0 5776.0
1833960.0 0.0004901960784313725 15.0 5776.0
1836000.0 0.0 16.0 5768.0
1838040.0 0.0 16.0 5752.0
1840080.0 0.0 16.0 5744.0
1842120.0 -0.0004901960784313725 16.0 5794.0
1844160.0 0.0 15.0 5796.0
1846200.0 0.0 15.0 5812.0
1848240.0 0.0 15.0 5852.0
1850280.0 0.0 15.0 5858.0
1852320.0 0.0 15.0 5746.0
1854360.0 0.0 15.0 5746.0
1856400.0 0.000980392156862745 15.0 5740.0
1858440.0 0.0 17.0 5736.0
1860480.0 -0.000980392156862745 17.0 5722.0
1862520.0 0.0 15.0 5734.0
1864560.0 0.0 15.0 5734.0
1866600.0 0.0 15.0 5734.0
1868640.0 0.0004901960784313725 15.0 5746.0
1870680.0 0.0 16.0 5748.0
1872720.0 0.0 16.0 5734.0
1874760.0 0.0004901960784313725 16.0 5734.0
1876800.0 0.0 17.0 5730.0
1878840.0 0.0 17.0 5730.0
1880880.0 -0.000980392156862745 17.0 5720.0
1882920.0 0.0 15.0 5738.0
1884960.0 0.0 15.0 5748.0
1887000.0 0.0 15.0 5772.0
1889040.0 0.0 15.0 5772.0
1891080.0 0.0 15.0 5768.0
1893120.0 0.0 15.0 5754.0
1895160.0 0.0 15.0 5754.0
1897200.0 0.0004901960784313725 15.0 5734.0
1899240.0 0.0 16.0 5724.0
1901280.0 0.0 16.0 5724.0
1903320.0 0.0 16.0 5812.0
1905360.0 0.0 16.0 5826.0
1907400.0 -0.0004901960784313725 16.0 5832.0
1909440.0 0.0 15.0 5832.0
1911480.0 0.000980392156862745 15.0 5818.0
1913520.0 0.0 17.0 5814.0
1915560.0 0.0 17.0 5806.0
1917600.0 0.0 17.0 5800.0
1919640.0 -0.0004901960784313725 17.0 5778.0
1921680.0 0.0 16.0 5774.0
1923720.0 0.0 16.0 5788.0
1925760.0 0.0 16.0 5788.0
1927800.0 0.0 16.0 5810.0
1929840.0 0.0 16.0 5828.0
1931880.0 0.0 16.0 5820.0
1933920.0 0.0004901960784313725 16.0 5814.0
1935960.0 0.0 17.0 5788.0
1938000.0 0.0 17.0 5780.0
1940040.0 0.0 17.0 5764.0
1942080.0 0.0 17.0 5770.0
1944120.0 -0.0004901960784313725 17.0 5770.0
1946160.0 0.0 16.0 5780.0
1948200.0 0.0 16.0 5788.0
1950240.0 0.0 16.0 5802.0
1952280.0 0.0 16.0 5802.0
1954320.0 0.0 16.0 5802.0
1956360.0 0.0 16.0 5792.0
1958400.0 0.0 16.0 5792.0
1960440.0 -0.0004901960784313725 16.0 5776.0
1962480.0 -0.0004901960784313725 15.0 5794.0
1964520.0 0.0 14.0 5818.0
1966560.0 0.0 14.0 5818.0
1968600.0 0.0 14.0 5842.0
1970640.0 0.0 14.0 5834.0
1972680.0 0.0 14.0 5834.0
1974720.0 0.0004901960784313725 14.0 5834.0
1976760.0 0.0 15.0 5816.0
1978800.0 0.0 15.0 5808.0
1980840.0 0.0 15.0 5814.0
1982880.0 0.0 15.0 5848.0
1984920.0 0.0 15.0 5848.0
1986960.0 0.0 15.0 5852.0
1989000.0 0.0 15.0 5882.0
1991040.0 0.0 15.0 5874.0
1993080.0 0.0 15.0 5868.0
1995120.0 0.0 15.0 5854.0
1997160.0 0.0004901960784313725 15.0 5846.0
1999200.0 0.0 16.0 5846.0
2001240.0 0.0 16.0 5838.0
2003280.0 0.0 16.0 5838.0
2005320.0 0.0 16.0 5838.0
2007360.0 0.0 16.0 5838.0
