Time RateMons NumMons LargestComp 
0.0 0.0 45.0 6194.0
2040.0 0.0 45.0 6194.0
4080.0 0.0 45.0 6194.0
6120.0 0.0 45.0 6194.0
8160.0 0.0 45.0 6194.0
10200.0 0.0 45.0 6194.0
12240.0 0.0 45.0 6194.0
14280.0 0.0 45.0 6194.0
16320.0 0.0 45.0 6194.0
18360.0 0.0 45.0 6194.0
20400.0 0.0 45.0 6194.0
22440.0 0.0 45.0 6194.0
24480.0 0.0 45.0 6194.0
26520.0 0.0 45.0 6194.0
28560.0 0.0 45.0 6194.0
30600.0 0.0 45.0 6194.0
32640.0 0.0 45.0 6194.0
34680.0 0.0 45.0 6194.0
36720.0 0.0 45.0 6194.0
38760.0 0.0004901960784313725 45.0 6194.0
40800.0 0.0 46.0 6192.0
42840.0 0.0 46.0 6192.0
44880.0 0.0 46.0 6192.0
46920.0 -0.0004901960784313725 46.0 6192.0
48960.0 0.0 45.0 6194.0
51000.0 0.0 45.0 6194.0
53040.0 0.0004901960784313725 45.0 6194.0
55080.0 0.0 46.0 6192.0
57120.0 0.0 46.0 6192.0
59160.0 0.0 46.0 6192.0
61200.0 0.0 46.0 6192.0
63240.0 0.0 46.0 6192.0
65280.0 -0.0004901960784313725 46.0 6192.0
67320.0 0.0 45.0 6194.0
69360.0 0.0 45.0 6194.0
71400.0 0.0 45.0 6194.0
73440.0 0.0 45.0 6194.0
75480.0 0.0004901960784313725 45.0 6194.0
77520.0 0.0 46.0 6192.0
79560.0 0.0 46.0 6192.0
81600.0 0.0 46.0 6192.0
83640.0 -0.000980392156862745 46.0 6192.0
85680.0 -0.0004901960784313725 44.0 6196.0
87720.0 -0.0004901960784313725 43.0 6198.0
89760.0 0.0 42.0 6198.0
91800.0 0.0 42.0 6198.0
93840.0 0.0 42.0 6198.0
95880.0 0.0 42.0 6198.0
97920.0 0.0004901960784313725 42.0 6194.0
99960.0 0.0 43.0 6176.0
102000.0 0.0 43.0 6176.0
104040.0 0.0 43.0 6176.0
106080.0 0.0 43.0 6176.0
108120.0 -0.000980392156862745 43.0 6176.0
110160.0 0.0 41.0 6180.0
112200.0 0.0 41.0 6180.0
114240.0 0.0 41.0 6180.0
116280.0 0.0 41.0 6172.0
118320.0 0.0 41.0 6172.0
120360.0 0.0 41.0 6172.0
122400.0 0.0 41.0 6172.0
124440.0 -0.0004901960784313725 41.0 6172.0
126480.0 -0.0004901960784313725 40.0 6174.0
128520.0 0.0 39.0 6176.0
130560.0 0.0 39.0 6176.0
132600.0 0.0004901960784313725 39.0 6176.0
134640.0 0.0 40.0 6174.0
136680.0 0.0004901960784313725 40.0 6170.0
138720.0 0.0 41.0 6168.0
140760.0 0.0 41.0 6152.0
142800.0 0.0 41.0 6152.0
144840.0 0.0 41.0 6152.0
146880.0 0.0 41.0 6152.0
148920.0 -0.0004901960784313725 41.0 6152.0
150960.0 0.000980392156862745 40.0 6154.0
153000.0 0.0 42.0 6150.0
155040.0 0.0 42.0 6150.0
157080.0 0.0004901960784313725 42.0 6142.0
159120.0 0.0 43.0 6140.0
161160.0 -0.0004901960784313725 43.0 6140.0
163200.0 0.0 42.0 6142.0
165240.0 0.0 42.0 6142.0
167280.0 0.0 42.0 6152.0
169320.0 0.0 42.0 6152.0
171360.0 0.0 42.0 6152.0
173400.0 0.0 42.0 6152.0
175440.0 0.0 42.0 6152.0
177480.0 0.0 42.0 6146.0
179520.0 -0.0004901960784313725 42.0 6146.0
181560.0 0.0 41.0 6148.0
183600.0 0.0 41.0 6148.0
185640.0 -0.0004901960784313725 41.0 6148.0
187680.0 -0.0004901960784313725 40.0 6150.0
189720.0 0.0 39.0 6152.0
191760.0 0.0 39.0 6152.0
193800.0 0.0 39.0 6152.0
195840.0 0.0 39.0 6152.0
197880.0 0.0 39.0 6152.0
199920.0 0.0 39.0 6130.0
201960.0 0.0 39.0 6130.0
204000.0 0.0 39.0 6130.0
206040.0 0.0 39.0 6130.0
208080.0 0.0 39.0 6130.0
210120.0 0.0 39.0 6130.0
212160.0 0.0 39.0 6130.0
214200.0 0.0 39.0 6130.0
216240.0 0.0 39.0 6130.0
218280.0 0.000980392156862745 39.0 6130.0
220320.0 0.0 41.0 6126.0
222360.0 0.0 41.0 6126.0
224400.0 0.0 41.0 6126.0
226440.0 -0.0004901960784313725 41.0 6126.0
228480.0 -0.0004901960784313725 40.0 6128.0
230520.0 0.0 39.0 6130.0
232560.0 0.0 39.0 6130.0
234600.0 0.0004901960784313725 39.0 6130.0
236640.0 0.0004901960784313725 40.0 6102.0
238680.0 0.0 41.0 6100.0
240720.0 0.0 41.0 6092.0
242760.0 -0.0004901960784313725 41.0 6092.0
244800.0 0.0 40.0 6094.0
246840.0 0.0 40.0 6094.0
248880.0 0.0 40.0 6094.0
250920.0 0.0 40.0 6094.0
252960.0 0.0004901960784313725 40.0 6094.0
255000.0 0.0 41.0 6094.0
257040.0 0.0 41.0 6094.0
259080.0 0.0 41.0 6094.0
261120.0 0.0 41.0 6082.0
263160.0 -0.0004901960784313725 41.0 6082.0
265200.0 0.0 40.0 6084.0
267240.0 0.0 40.0 6084.0
269280.0 0.0 40.0 6092.0
271320.0 0.0 40.0 6086.0
273360.0 0.0 40.0 6086.0
275400.0 0.0 40.0 6086.0
277440.0 0.0 40.0 6086.0
279480.0 0.0004901960784313725 40.0 6086.0
281520.0 0.0 41.0 6084.0
283560.0 0.0 41.0 6084.0
285600.0 -0.0014705882352941176 41.0 6084.0
287640.0 0.0 38.0 6084.0
289680.0 0.0 38.0 6084.0
291720.0 0.0 38.0 6084.0
293760.0 0.0004901960784313725 38.0 6084.0
295800.0 0.0 39.0 6082.0
297840.0 0.0 39.0 6082.0
299880.0 -0.0004901960784313725 39.0 6082.0
301920.0 0.0 38.0 6084.0
303960.0 -0.000980392156862745 38.0 6084.0
306000.0 0.0 36.0 6088.0
308040.0 0.0 36.0 6088.0
310080.0 0.0 36.0 6102.0
312120.0 0.0 36.0 6102.0
314160.0 0.0 36.0 6102.0
316200.0 0.0 36.0 6102.0
318240.0 0.0 36.0 6102.0
320280.0 0.0 36.0 6102.0
322320.0 0.0 36.0 6102.0
324360.0 0.0 36.0 6102.0
326400.0 0.0 36.0 6102.0
328440.0 0.0 36.0 6102.0
330480.0 0.0 36.0 6102.0
332520.0 0.0 36.0 6102.0
334560.0 0.0 36.0 6102.0
336600.0 0.0 36.0 6102.0
338640.0 0.0 36.0 6102.0
340680.0 0.0 36.0 6102.0
342720.0 0.0 36.0 6108.0
344760.0 0.0 36.0 6108.0
346800.0 -0.000980392156862745 36.0 6108.0
348840.0 0.0 34.0 6108.0
350880.0 0.0 34.0 6108.0
352920.0 0.0 34.0 6108.0
354960.0 0.0 34.0 6108.0
357000.0 0.0004901960784313725 34.0 6108.0
359040.0 0.000980392156862745 35.0 6106.0
361080.0 -0.0004901960784313725 37.0 6106.0
363120.0 0.0 36.0 6108.0
365160.0 -0.0004901960784313725 36.0 6134.0
367200.0 0.0 35.0 6136.0
369240.0 0.0 35.0 6136.0
371280.0 0.0 35.0 6136.0
373320.0 0.0 35.0 6136.0
375360.0 0.0 35.0 6136.0
377400.0 0.000980392156862745 35.0 6136.0
379440.0 0.0 37.0 6132.0
381480.0 -0.000980392156862745 37.0 6132.0
383520.0 0.0 35.0 6140.0
385560.0 0.0 35.0 6140.0
387600.0 -0.0004901960784313725 35.0 6140.0
389640.0 0.0 34.0 6142.0
391680.0 0.0 34.0 6142.0
393720.0 0.0 34.0 6142.0
395760.0 0.0004901960784313725 34.0 6142.0
397800.0 0.0004901960784313725 35.0 6140.0
399840.0 0.0 36.0 6138.0
401880.0 0.0 36.0 6138.0
403920.0 -0.0004901960784313725 36.0 6138.0
405960.0 -0.0004901960784313725 35.0 6140.0
408000.0 -0.0004901960784313725 34.0 6142.0
410040.0 0.0 33.0 6144.0
412080.0 0.0 33.0 6144.0
414120.0 0.0 33.0 6136.0
416160.0 0.0 33.0 6136.0
418200.0 0.0 33.0 6136.0
420240.0 0.0 33.0 6136.0
422280.0 0.0 33.0 6136.0
424320.0 0.0 33.0 6136.0
426360.0 0.0 33.0 6136.0
428400.0 0.0 33.0 6136.0
430440.0 0.0 33.0 6136.0
432480.0 0.0 33.0 6126.0
434520.0 0.0 33.0 6116.0
436560.0 0.0 33.0 6116.0
438600.0 0.0 33.0 6116.0
440640.0 0.0 33.0 6116.0
442680.0 0.0 33.0 6116.0
444720.0 0.0 33.0 6116.0
446760.0 0.0 33.0 6126.0
448800.0 0.0 33.0 6126.0
450840.0 0.0 33.0 6126.0
452880.0 0.0 33.0 6126.0
454920.0 0.0 33.0 6120.0
456960.0 0.0 33.0 6112.0
459000.0 0.0 33.0 6106.0
461040.0 -0.0004901960784313725 33.0 6106.0
463080.0 0.0 32.0 6108.0
465120.0 0.0 32.0 6108.0
467160.0 0.0 32.0 6108.0
469200.0 0.0 32.0 6108.0
471240.0 0.0 32.0 6108.0
473280.0 0.0 32.0 6108.0
475320.0 0.0 32.0 6102.0
477360.0 0.0 32.0 6102.0
479400.0 0.0 32.0 6096.0
481440.0 0.0 32.0 6090.0
483480.0 -0.0004901960784313725 32.0 6090.0
485520.0 0.0 31.0 6092.0
487560.0 -0.0004901960784313725 31.0 6092.0
489600.0 0.0 30.0 6094.0
491640.0 0.0 30.0 6094.0
493680.0 0.0 30.0 6094.0
495720.0 0.0 30.0 6094.0
497760.0 0.0 30.0 6094.0
499800.0 -0.0004901960784313725 30.0 6094.0
501840.0 0.0 29.0 6086.0
503880.0 0.0 29.0 6086.0
505920.0 0.0 29.0 6086.0
507960.0 0.0 29.0 6086.0
510000.0 0.0 29.0 6086.0
512040.0 0.0 29.0 6086.0
514080.0 0.0004901960784313725 29.0 6086.0
516120.0 0.0004901960784313725 30.0 6076.0
518160.0 0.0004901960784313725 31.0 6074.0
520200.0 -0.0004901960784313725 32.0 6072.0
522240.0 0.0 31.0 6074.0
524280.0 -0.0004901960784313725 31.0 6074.0
526320.0 0.0 30.0 6084.0
528360.0 0.0 30.0 6084.0
530400.0 0.0004901960784313725 30.0 6088.0
532440.0 0.0 31.0 6086.0
534480.0 0.0 31.0 6082.0
536520.0 0.0 31.0 6082.0
538560.0 0.0 31.0 6082.0
540600.0 0.0 31.0 6082.0
542640.0 -0.0004901960784313725 31.0 6088.0
544680.0 0.0 30.0 6090.0
546720.0 0.0 30.0 6090.0
548760.0 -0.0004901960784313725 30.0 6090.0
550800.0 0.0 29.0 6092.0
552840.0 0.0 29.0 6092.0
554880.0 0.0 29.0 6092.0
556920.0 0.0 29.0 6088.0
558960.0 0.0 29.0 6088.0
561000.0 0.0 29.0 6080.0
563040.0 0.0 29.0 6080.0
565080.0 0.0 29.0 6080.0
567120.0 0.0 29.0 6080.0
569160.0 0.0 29.0 6084.0
571200.0 0.0 29.0 6084.0
573240.0 0.0 29.0 6084.0
575280.0 0.0 29.0 6084.0
577320.0 0.0 29.0 6084.0
579360.0 -0.0004901960784313725 29.0 6080.0
581400.0 0.0 28.0 6076.0
583440.0 -0.000980392156862745 28.0 6076.0
585480.0 0.0 26.0 6080.0
587520.0 0.0 26.0 6080.0
589560.0 0.0004901960784313725 26.0 6080.0
591600.0 0.0004901960784313725 27.0 6078.0
593640.0 0.0 28.0 6076.0
595680.0 0.0 28.0 6076.0
597720.0 0.0 28.0 6076.0
599760.0 -0.0004901960784313725 28.0 6076.0
601800.0 0.0 27.0 6078.0
603840.0 0.0 27.0 6078.0
605880.0 0.0 27.0 6084.0
607920.0 0.0 27.0 6084.0
609960.0 0.0 27.0 6084.0
612000.0 0.0004901960784313725 27.0 6084.0
614040.0 0.0 28.0 6082.0
616080.0 0.0 28.0 6082.0
618120.0 0.0 28.0 6078.0
620160.0 -0.0004901960784313725 28.0 6078.0
622200.0 0.0 27.0 6080.0
624240.0 -0.000980392156862745 27.0 6080.0
626280.0 0.0 25.0 6084.0
628320.0 0.0 25.0 6088.0
630360.0 0.0 25.0 6092.0
632400.0 0.0 25.0 6092.0
634440.0 0.0 25.0 6092.0
636480.0 0.0004901960784313725 25.0 6092.0
638520.0 0.0 26.0 6090.0
640560.0 0.0 26.0 6090.0
642600.0 0.0 26.0 6090.0
644640.0 -0.000980392156862745 26.0 6090.0
646680.0 0.0 24.0 6094.0
648720.0 0.0 24.0 6102.0
650760.0 0.0 24.0 6102.0
652800.0 0.0 24.0 6102.0
654840.0 0.0004901960784313725 24.0 6102.0
656880.0 0.0 25.0 6092.0
658920.0 0.0 25.0 6088.0
660960.0 -0.0004901960784313725 25.0 6088.0
663000.0 0.0 24.0 6094.0
665040.0 -0.0004901960784313725 24.0 6094.0
667080.0 0.0 23.0 6096.0
669120.0 0.0 23.0 6096.0
671160.0 0.0014705882352941176 23.0 6096.0
673200.0 0.0 26.0 6094.0
675240.0 0.0 26.0 6094.0
677280.0 0.0 26.0 6094.0
679320.0 0.0004901960784313725 26.0 6094.0
681360.0 0.0 27.0 6100.0
683400.0 0.0 27.0 6104.0
685440.0 -0.0004901960784313725 27.0 6104.0
687480.0 0.0 26.0 6106.0
689520.0 0.0 26.0 6106.0
691560.0 0.0 26.0 6106.0
693600.0 0.0 26.0 6106.0
695640.0 0.0 26.0 6106.0
697680.0 0.0004901960784313725 26.0 6106.0
699720.0 0.0 27.0 6090.0
701760.0 0.0 27.0 6090.0
703800.0 -0.000980392156862745 27.0 6090.0
705840.0 0.0 25.0 6106.0
707880.0 0.0 25.0 6106.0
709920.0 0.0 25.0 6110.0
711960.0 0.0 25.0 6110.0
714000.0 0.0 25.0 6110.0
716040.0 0.0 25.0 6104.0
718080.0 0.0 25.0 6104.0
720120.0 0.0 25.0 6078.0
722160.0 0.0 25.0 6084.0
724200.0 0.0 25.0 6084.0
726240.0 0.0 25.0 6084.0
728280.0 0.0 25.0 6084.0
730320.0 0.0 25.0 6084.0
732360.0 0.0 25.0 6084.0
734400.0 0.0 25.0 6084.0
736440.0 0.0 25.0 6084.0
738480.0 0.000980392156862745 25.0 6084.0
740520.0 0.0 27.0 6076.0
742560.0 0.0 27.0 6084.0
744600.0 0.0 27.0 6084.0
746640.0 0.0 27.0 6084.0
748680.0 0.0 27.0 6084.0
750720.0 0.0 27.0 6064.0
752760.0 0.0 27.0 6064.0
754800.0 0.0004901960784313725 27.0 6064.0
756840.0 0.0 28.0 6062.0
758880.0 0.0004901960784313725 28.0 6062.0
760920.0 0.0 29.0 6060.0
762960.0 0.0 29.0 6060.0
765000.0 0.0 29.0 6080.0
767040.0 0.0 29.0 6080.0
769080.0 0.0004901960784313725 29.0 6080.0
771120.0 0.0 30.0 6062.0
773160.0 0.0 30.0 6062.0
775200.0 0.0 30.0 6062.0
777240.0 0.0 30.0 6054.0
779280.0 0.0 30.0 6054.0
781320.0 0.0 30.0 6054.0
783360.0 0.0 30.0 6054.0
785400.0 0.0 30.0 6054.0
787440.0 0.0 30.0 6068.0
789480.0 0.0 30.0 6068.0
791520.0 0.0 30.0 6068.0
793560.0 0.0 30.0 6068.0
795600.0 0.0 30.0 6068.0
797640.0 0.0 30.0 6068.0
799680.0 0.0 30.0 6068.0
801720.0 0.0 30.0 6068.0
803760.0 0.0 30.0 6068.0
805800.0 0.0 30.0 6068.0
807840.0 0.0 30.0 6072.0
809880.0 0.000980392156862745 30.0 6072.0
811920.0 0.0 32.0 6062.0
813960.0 0.0 32.0 6062.0
816000.0 0.0004901960784313725 32.0 6062.0
818040.0 0.0 33.0 6060.0
820080.0 0.0 33.0 6060.0
822120.0 -0.0004901960784313725 33.0 6060.0
824160.0 -0.0004901960784313725 32.0 6088.0
826200.0 0.0 31.0 6090.0
828240.0 0.0 31.0 6090.0
830280.0 0.0004901960784313725 31.0 6090.0
832320.0 0.0 32.0 6082.0
834360.0 0.0 32.0 6082.0
836400.0 0.0 32.0 6082.0
838440.0 0.0 32.0 6082.0
840480.0 0.0 32.0 6082.0
842520.0 0.0 32.0 6082.0
844560.0 0.0 32.0 6082.0
846600.0 0.0 32.0 6082.0
848640.0 0.0 32.0 6082.0
850680.0 0.0 32.0 6082.0
852720.0 0.0 32.0 6082.0
854760.0 0.0 32.0 6082.0
856800.0 0.0 32.0 6082.0
858840.0 0.0 32.0 6078.0
860880.0 0.0 32.0 6086.0
862920.0 0.0 32.0 6086.0
864960.0 0.0 32.0 6090.0
867000.0 -0.0004901960784313725 32.0 6090.0
869040.0 0.0 31.0 6092.0
871080.0 0.0 31.0 6086.0
873120.0 0.0 31.0 6086.0
875160.0 0.0 31.0 6086.0
877200.0 0.0 31.0 6086.0
879240.0 0.0 31.0 6086.0
881280.0 -0.0004901960784313725 31.0 6096.0
883320.0 0.0 30.0 6098.0
885360.0 0.0 30.0 6098.0
887400.0 0.0 30.0 6098.0
889440.0 0.0 30.0 6098.0
891480.0 0.0 30.0 6098.0
893520.0 0.0 30.0 6098.0
895560.0 0.0 30.0 6098.0
897600.0 0.0 30.0 6098.0
899640.0 -0.0004901960784313725 30.0 6098.0
901680.0 -0.0004901960784313725 29.0 6100.0
903720.0 0.0 28.0 6100.0
905760.0 0.0 28.0 6104.0
907800.0 0.0 28.0 6104.0
909840.0 0.0 28.0 6118.0
911880.0 0.0 28.0 6106.0
913920.0 0.0 28.0 6106.0
915960.0 0.0004901960784313725 28.0 6100.0
918000.0 0.0 29.0 6098.0
920040.0 -0.0004901960784313725 29.0 6098.0
922080.0 0.0 28.0 6100.0
924120.0 0.0 28.0 6112.0
926160.0 0.0 28.0 6112.0
928200.0 0.0 28.0 6112.0
930240.0 0.0 28.0 6112.0
932280.0 0.0 28.0 6112.0
934320.0 0.0004901960784313725 28.0 6112.0
936360.0 0.0 29.0 6100.0
938400.0 0.0004901960784313725 29.0 6100.0
940440.0 -0.0004901960784313725 30.0 6098.0
942480.0 0.0 29.0 6100.0
944520.0 0.0 29.0 6100.0
946560.0 0.0 29.0 6100.0
948600.0 0.0 29.0 6100.0
950640.0 0.0 29.0 6096.0
952680.0 0.0 29.0 6044.0
954720.0 0.0 29.0 6044.0
956760.0 0.0004901960784313725 29.0 6044.0
958800.0 0.0 30.0 6034.0
960840.0 0.0 30.0 6034.0
962880.0 0.0 30.0 6034.0
964920.0 -0.0004901960784313725 30.0 6034.0
966960.0 0.0 29.0 6036.0
969000.0 -0.000980392156862745 29.0 6036.0
971040.0 0.0 27.0 6008.0
973080.0 0.0004901960784313725 27.0 6008.0
975120.0 0.0 28.0 5996.0
977160.0 0.0 28.0 5996.0
979200.0 0.0 28.0 5996.0
981240.0 0.0 28.0 6002.0
983280.0 0.0 28.0 6030.0
985320.0 -0.0004901960784313725 28.0 6040.0
987360.0 0.0 27.0 6052.0
989400.0 0.0 27.0 6052.0
991440.0 0.0 27.0 6052.0
993480.0 0.0 27.0 6052.0
995520.0 0.0 27.0 6052.0
997560.0 0.0 27.0 6052.0
999600.0 0.0 27.0 6046.0
1001640.0 -0.0004901960784313725 27.0 6046.0
1003680.0 0.0 26.0 6048.0
1005720.0 0.0 26.0 6054.0
1007760.0 0.0 26.0 6054.0
1009800.0 0.0 26.0 6054.0
1011840.0 0.0 26.0 6046.0
1013880.0 0.0 26.0 6046.0
1015920.0 0.0 26.0 6046.0
1017960.0 0.0 26.0 6046.0
1020000.0 0.0 26.0 6040.0
1022040.0 0.0 26.0 6040.0
1024080.0 0.0 26.0 6040.0
1026120.0 0.0 26.0 6040.0
1028160.0 0.0 26.0 6040.0
1030200.0 0.0 26.0 6040.0
1032240.0 0.0 26.0 6040.0
1034280.0 0.0 26.0 6020.0
1036320.0 0.0 26.0 6020.0
1038360.0 0.0 26.0 6020.0
1040400.0 -0.0004901960784313725 26.0 6016.0
1042440.0 -0.000980392156862745 25.0 6018.0
1044480.0 -0.0004901960784313725 23.0 6022.0
1046520.0 0.0 22.0 6032.0
1048560.0 0.0 22.0 6032.0
1050600.0 0.0 22.0 6032.0
1052640.0 0.0004901960784313725 22.0 6032.0
1054680.0 0.0 23.0 6030.0
1056720.0 0.0 23.0 6030.0
1058760.0 0.0 23.0 6030.0
1060800.0 0.0 23.0 6030.0
1062840.0 0.0 23.0 6030.0
1064880.0 0.0 23.0 6030.0
1066920.0 0.0 23.0 6030.0
1068960.0 -0.0004901960784313725 23.0 6030.0
1071000.0 0.0004901960784313725 22.0 6032.0
1073040.0 0.0 23.0 6030.0
1075080.0 0.0 23.0 6022.0
1077120.0 0.0 23.0 6022.0
1079160.0 0.0 23.0 6004.0
1081200.0 0.0 23.0 6004.0
1083240.0 -0.0004901960784313725 23.0 6008.0
1085280.0 0.0 22.0 6014.0
1087320.0 0.0 22.0 6014.0
1089360.0 0.0 22.0 6014.0
1091400.0 0.0 22.0 6014.0
1093440.0 0.0 22.0 6014.0
1095480.0 0.0 22.0 6014.0
1097520.0 0.0 22.0 6014.0
1099560.0 0.0004901960784313725 22.0 6014.0
1101600.0 0.0 23.0 6014.0
1103640.0 0.0 23.0 6014.0
1105680.0 0.0 23.0 6014.0
1107720.0 0.0 23.0 6014.0
1109760.0 0.0004901960784313725 23.0 6014.0
1111800.0 0.0 24.0 6012.0
1113840.0 0.0 24.0 6012.0
1115880.0 0.0 24.0 6012.0
1117920.0 0.0 24.0 6000.0
1119960.0 0.0 24.0 6000.0
1122000.0 0.0 24.0 5982.0
1124040.0 0.0 24.0 5986.0
1126080.0 0.0 24.0 5986.0
1128120.0 0.0 24.0 5986.0
1130160.0 0.0 24.0 5986.0
1132200.0 0.0 24.0 5986.0
1134240.0 0.0004901960784313725 24.0 5986.0
1136280.0 0.0 25.0 5986.0
1138320.0 0.0 25.0 5978.0
1140360.0 0.0 25.0 5974.0
1142400.0 -0.0004901960784313725 25.0 5982.0
1144440.0 0.0 24.0 6000.0
1146480.0 0.0 24.0 6000.0
1148520.0 0.0 24.0 6000.0
1150560.0 0.0 24.0 6000.0
1152600.0 0.0 24.0 5996.0
1154640.0 0.0 24.0 5996.0
1156680.0 0.0 24.0 5996.0
1158720.0 0.0 24.0 5966.0
1160760.0 -0.0004901960784313725 24.0 5966.0
1162800.0 0.0 23.0 5968.0
1164840.0 -0.0004901960784313725 23.0 5998.0
1166880.0 0.0 22.0 6000.0
1168920.0 0.0 22.0 6000.0
1170960.0 0.000980392156862745 22.0 6000.0
1173000.0 0.0 24.0 6000.0
1175040.0 0.0 24.0 6000.0
1177080.0 0.0 24.0 6000.0
1179120.0 0.0004901960784313725 24.0 6000.0
1181160.0 -0.0004901960784313725 25.0 5998.0
1183200.0 0.0 24.0 6000.0
1185240.0 0.0 24.0 6000.0
1187280.0 0.0 24.0 6000.0
1189320.0 0.0 24.0 6000.0
1191360.0 0.0 24.0 6000.0
1193400.0 0.0 24.0 6000.0
1195440.0 0.0 24.0 6000.0
1197480.0 0.0 24.0 5978.0
1199520.0 0.0 24.0 5978.0
1201560.0 0.0 24.0 5978.0
1203600.0 -0.0004901960784313725 24.0 5982.0
1205640.0 -0.0004901960784313725 23.0 5984.0
1207680.0 0.0 22.0 5986.0
1209720.0 0.0 22.0 5986.0
1211760.0 0.0 22.0 5980.0
1213800.0 0.0 22.0 5980.0
1215840.0 0.0004901960784313725 22.0 5980.0
1217880.0 0.0 23.0 5978.0
1219920.0 0.0004901960784313725 23.0 5972.0
1221960.0 0.0 24.0 5982.0
1224000.0 -0.000980392156862745 24.0 5996.0
1226040.0 0.0 22.0 6000.0
1228080.0 0.0 22.0 6000.0
1230120.0 0.0 22.0 6000.0
1232160.0 0.0 22.0 6000.0
1234200.0 0.0 22.0 6000.0
1236240.0 0.0 22.0 6000.0
1238280.0 0.0 22.0 6000.0
1240320.0 0.0 22.0 5992.0
1242360.0 0.0 22.0 5992.0
1244400.0 0.0 22.0 5992.0
1246440.0 0.0 22.0 5992.0
1248480.0 0.0 22.0 5992.0
1250520.0 0.0 22.0 5992.0
1252560.0 0.0 22.0 5992.0
1254600.0 0.0004901960784313725 22.0 5992.0
1256640.0 0.0 23.0 5990.0
1258680.0 0.0 23.0 5990.0
1260720.0 0.0 23.0 5982.0
1262760.0 0.0 23.0 6012.0
1264800.0 -0.0004901960784313725 23.0 6012.0
1266840.0 0.0 22.0 6014.0
1268880.0 0.0 22.0 6014.0
1270920.0 0.0 22.0 6014.0
1272960.0 0.0 22.0 6014.0
1275000.0 0.0004901960784313725 22.0 6014.0
1277040.0 0.0 23.0 6012.0
1279080.0 0.0 23.0 6012.0
1281120.0 0.0 23.0 6012.0
1283160.0 0.0 23.0 6012.0
1285200.0 0.0 23.0 6018.0
1287240.0 0.0 23.0 6018.0
1289280.0 0.0 23.0 6018.0
1291320.0 0.0004901960784313725 23.0 6018.0
1293360.0 0.0 24.0 6016.0
1295400.0 0.0 24.0 6016.0
1297440.0 0.0 24.0 6016.0
1299480.0 0.0 24.0 6016.0
1301520.0 0.0 24.0 6016.0
1303560.0 0.0 24.0 6016.0
1305600.0 0.0 24.0 6024.0
1307640.0 0.0 24.0 6032.0
1309680.0 0.0 24.0 6032.0
1311720.0 0.0 24.0 6036.0
1313760.0 0.0004901960784313725 24.0 6036.0
1315800.0 0.0 25.0 6028.0
1317840.0 0.0004901960784313725 25.0 6028.0
1319880.0 0.0 26.0 6026.0
1321920.0 0.0 26.0 6026.0
1323960.0 0.0 26.0 6026.0
1326000.0 0.0 26.0 6026.0
1328040.0 0.0 26.0 6026.0
1330080.0 0.0 26.0 6026.0
1332120.0 0.0 26.0 6026.0
1334160.0 0.0 26.0 6026.0
1336200.0 0.0 26.0 6026.0
1338240.0 0.0 26.0 6026.0
1340280.0 0.0 26.0 6026.0
1342320.0 0.0 26.0 6026.0
1344360.0 0.0 26.0 6026.0
1346400.0 0.0 26.0 6026.0
1348440.0 0.0 26.0 6026.0
1350480.0 0.0 26.0 6026.0
1352520.0 0.0 26.0 6026.0
1354560.0 0.0004901960784313725 26.0 6022.0
1356600.0 0.0 27.0 6014.0
1358640.0 0.0 27.0 6014.0
1360680.0 0.0 27.0 6014.0
1362720.0 -0.0004901960784313725 27.0 6018.0
1364760.0 0.0 26.0 6020.0
1366800.0 0.0 26.0 6020.0
1368840.0 0.0 26.0 6020.0
1370880.0 0.0004901960784313725 26.0 6020.0
1372920.0 0.0 27.0 6018.0
1374960.0 0.0 27.0 6018.0
1377000.0 0.0 27.0 6010.0
1379040.0 0.0 27.0 6004.0
1381080.0 0.0 27.0 6004.0
1383120.0 0.0 27.0 6008.0
1385160.0 -0.0004901960784313725 27.0 6012.0
1387200.0 0.0 26.0 6014.0
1389240.0 0.0 26.0 6014.0
1391280.0 0.0 26.0 6014.0
1393320.0 0.0 26.0 6006.0
1395360.0 0.0004901960784313725 26.0 6006.0
1397400.0 0.0 27.0 6004.0
1399440.0 0.0 27.0 6004.0
1401480.0 0.0 27.0 6004.0
1403520.0 -0.0004901960784313725 27.0 6012.0
1405560.0 0.0 26.0 6018.0
1407600.0 0.0 26.0 6018.0
1409640.0 0.0 26.0 6018.0
1411680.0 0.0 26.0 6010.0
1413720.0 0.0 26.0 6010.0
1415760.0 0.0 26.0 6010.0
1417800.0 0.0 26.0 6010.0
1419840.0 0.0 26.0 5998.0
1421880.0 0.0 26.0 5998.0
1423920.0 -0.000980392156862745 26.0 6006.0
1425960.0 0.0 24.0 6014.0
1428000.0 0.0 24.0 6014.0
1430040.0 0.0 24.0 6014.0
1432080.0 0.0 24.0 6014.0
1434120.0 0.0 24.0 6008.0
1436160.0 0.0 24.0 6008.0
1438200.0 0.0 24.0 6008.0
1440240.0 0.0 24.0 6008.0
1442280.0 0.0 24.0 6008.0
1444320.0 0.0 24.0 6008.0
1446360.0 0.0 24.0 6008.0
1448400.0 0.0 24.0 6008.0
1450440.0 0.0 24.0 6008.0
1452480.0 0.0 24.0 6008.0
1454520.0 0.0 24.0 6008.0
1456560.0 0.0 24.0 5998.0
1458600.0 0.0004901960784313725 24.0 5998.0
1460640.0 0.0 25.0 5996.0
1462680.0 0.0 25.0 5996.0
1464720.0 0.0 25.0 6002.0
1466760.0 -0.0004901960784313725 25.0 6002.0
1468800.0 0.0 24.0 6004.0
1470840.0 0.0 24.0 6004.0
1472880.0 0.0 24.0 6004.0
1474920.0 0.0 24.0 6004.0
1476960.0 0.0 24.0 6004.0
1479000.0 0.0 24.0 5990.0
1481040.0 0.0 24.0 5990.0
1483080.0 -0.0004901960784313725 24.0 5990.0
1485120.0 -0.0004901960784313725 23.0 5992.0
1487160.0 0.0 22.0 5994.0
1489200.0 0.0 22.0 5994.0
1491240.0 0.0 22.0 5994.0
1493280.0 0.0004901960784313725 22.0 5994.0
1495320.0 0.0004901960784313725 23.0 5992.0
1497360.0 0.0 24.0 5990.0
1499400.0 0.0 24.0 5990.0
1501440.0 0.0 24.0 5986.0
1503480.0 0.0 24.0 5986.0
1505520.0 0.0 24.0 5986.0
1507560.0 0.0 24.0 5986.0
1509600.0 0.0 24.0 5990.0
1511640.0 0.0 24.0 5990.0
1513680.0 0.0 24.0 5990.0
1515720.0 0.0 24.0 5990.0
1517760.0 0.0 24.0 5974.0
1519800.0 0.0 24.0 5974.0
1521840.0 0.0 24.0 5974.0
1523880.0 0.0 24.0 5974.0
1525920.0 0.0 24.0 5974.0
1527960.0 0.0 24.0 5974.0
1530000.0 0.0 24.0 5974.0
1532040.0 0.0 24.0 5974.0
1534080.0 0.0004901960784313725 24.0 5974.0
1536120.0 0.0 25.0 5972.0
1538160.0 0.0 25.0 5972.0
1540200.0 0.0 25.0 5972.0
1542240.0 -0.0004901960784313725 25.0 5972.0
1544280.0 -0.0004901960784313725 24.0 5974.0
1546320.0 0.0 23.0 5976.0
1548360.0 0.0 23.0 5976.0
1550400.0 0.0004901960784313725 23.0 5976.0
1552440.0 0.0 24.0 5950.0
1554480.0 0.0 24.0 5950.0
1556520.0 0.0 24.0 5950.0
1558560.0 -0.0004901960784313725 24.0 5950.0
1560600.0 -0.0004901960784313725 23.0 5952.0
1562640.0 0.0 22.0 5954.0
1564680.0 0.0 22.0 5954.0
1566720.0 -0.0004901960784313725 22.0 5954.0
1568760.0 0.0 21.0 5956.0
1570800.0 0.0004901960784313725 21.0 5956.0
1572840.0 0.0 22.0 5950.0
1574880.0 0.0 22.0 5950.0
1576920.0 0.0 22.0 5950.0
