Time AvMSq AvMSqStd 
0 0.44444444444444453 0.0
1 0.3750786390972015 0.0030744939917118482
2 0.35905849605269985 0.004052953713922516
3 0.3531518823164551 0.0026397111210903117
4 0.3495931028185305 0.004114324875338111
5 0.34860277143597157 0.005275937878478206
6 0.3519385282084513 0.004615952782464922
7 0.3520956121485927 0.007165600729689973
8 0.35041877189571075 0.008950298443588732
9 0.3495849523977874 0.0043345779999764454
10 0.347500155146953 0.0038091510562728976
11 0.34952408713485816 0.0024105995242183482
12 0.3489690910577649 0.004346552009506341
13 0.35047891597204406 0.002782937726402694
14 0.3534758387934199 0.0039907347455667985
15 0.3508776745582718 0.006039637529124311
16 0.34894450294507806 0.005535114099003861
17 0.35033000358440136 0.004133459782638415
18 0.3508602049644438 0.0074315536893418115
19 0.35665544237094776 0.0029642226430330876
20 0.3519246828503401 0.011593631664336183
21 0.35476313553618677 0.004790349462639457
22 0.3583038764949796 0.0074579283094898625
23 0.3543210340159584 0.005493198094325568
24 0.35390285799476207 0.004707037782725151
25 0.353565474592882 0.004621864233065688
26 0.3572855708815807 0.0015789807332030178
27 0.3589368406577222 0.0031617683082605275
28 0.35914622985859307 0.005110266606231879
29 0.36065911627487995 0.0032699459926875903
30 0.35948973657426436 0.00455271041034682
31 0.3637156659145993 0.007718070272634224
32 0.36459796577399606 0.004443539068047885
33 0.36329987589248675 0.005013775176775902
34 0.3623593174878333 0.006875662851821878
35 0.3589587513972787 0.004193248084162797
36 0.35608259732038994 0.006808785686531534
37 0.3555093668876345 0.005838816306467174
38 0.35811812385321096 0.00667212497745406
39 0.35959082113905433 0.005263653787034732
40 0.3605473658214531 0.004667026805995998
41 0.3597606839812966 0.004285418211519999
42 0.3604125498919267 0.004722424368472466
43 0.36185598687887593 0.006744108364042755
44 0.3625813529980276 0.005381875141556032
45 0.3608687724938302 0.0033677602813306866
46 0.36034845358757445 0.005861372268739135
47 0.3614173055220659 0.005023861316597738
48 0.35723935557198017 0.003947157861740046
49 0.35778188351208107 0.0028887201005415746
50 0.3614647297755728 0.006468282474848956
51 0.36202015600683335 0.0041679743838263575
52 0.36465650544990713 0.005001567984560968
53 0.3647677692463816 0.004848392132074581
54 0.3643178313848113 0.0038876286040820714
55 0.3629721579426493 0.005289974339211056
56 0.36227583553132947 0.0028541288129394792
57 0.36600904396314865 0.0035669858607693733
58 0.3671652840787718 0.00404535007958791
59 0.3675123463145381 0.0028359133545243663
60 0.36779721541621035 0.007037186131813258
61 0.3640403676509872 0.005125031336667018
62 0.36359356827576644 0.009486800722123578
63 0.36271927413602933 0.00673706825857869
64 0.36363053644538396 0.006038958135164324
65 0.36514985953436657 0.0043400547605704776
66 0.3649558941215246 0.004350830440220805
67 0.36544257959496784 0.008183179179033676
68 0.3655389283722553 0.007906705236262917
69 0.3683217973568827 0.006018103733469837
70 0.3664027616408847 0.006272739827807812
71 0.3658878072713157 0.0038728872952446475
72 0.36226427300995834 0.007664881385447935
73 0.3626977344099792 0.0062729733199405405
74 0.3628769180371257 0.0066258398125377885
75 0.36431273329431846 0.005983049472031577
76 0.36219487960605495 0.005926608036039058
77 0.3640444946089761 0.0021572556443542647
78 0.36344808369117637 0.0018112851585949826
79 0.3618794880535814 0.002317952394606228
80 0.36225910932867694 0.004619815031868984
81 0.36163479635623097 0.0019097705810196184
82 0.3613426679949569 0.0017965560267857719
83 0.359775770413073 0.0016502749635200554
84 0.36213229109844247 0.0024119416880625704
85 0.359922993121139 0.0009422638784478533
86 0.36222034099909906 0.0018471915513557607
87 0.3635739477334652 0.003045302152319292
88 0.36307600012553876 0.003330398038453722
89 0.3765589207543152 0.00575998462344199
90 0.4222901521485518 0.0075845053009262475
91 0.4553014892567693 0.007322017301404705
92 0.48765419310890545 0.007277436330904678
93 0.5107895486521397 0.004257878753875914
94 0.5320755555597965 0.004332994440313323
95 0.5521835287423638 0.007462059942359615
96 0.5691100639076654 0.006533188720328839
97 0.5782079401694815 0.008396681747068818
98 0.5666348065685776 0.009663436859438483
99 0.5607426012203955 0.009333393711172878
100 0.5538021681991363 0.010517518865899314
101 0.5497623831113031 0.007605014775582956
102 0.5500611442664248 0.009442742387696722
103 0.5450695529984841 0.010140269305325168
104 0.5435647424432096 0.007716484810960836
105 0.5382280357100794 0.010750998289264055
106 0.5366578357846776 0.008936217641121276
107 0.5357777030065443 0.009231458528104385
108 0.5326731828322643 0.008840120489613799
109 0.532956887022477 0.009169788109570197
110 0.5313254628879445 0.00714417355369857
111 0.5301646735703207 0.007040749923018484
112 0.5332222080723614 0.005186630522777342
113 0.529513655822205 0.007290803214249048
114 0.5272866571080994 0.008759862483634154
115 0.5295575203283013 0.007446920343889044
116 0.5281494863734588 0.006969661436139184
117 0.5287020609183816 0.01029828859158746
118 0.5255217680466714 0.008229793374874653
119 0.5244316039560346 0.009691192858186677
120 0.5254136149443255 0.006004338829645022
121 0.5260794157115463 0.008321338290587055
122 0.523179616580155 0.007863708337809756
123 0.5221969078758331 0.007854987907140988
124 0.5211064295987688 0.006549173633185507
125 0.520230994535592 0.007251866797136906
126 0.5198485655280749 0.006527260683111738
127 0.5217173125276929 0.008570612452743811
128 0.5190908654164161 0.008468680398573424
129 0.5186793779740311 0.007527017869467586
130 0.5210430751445225 0.006915529313911542
131 0.5205874722227436 0.007044758921702359
132 0.5186226921918539 0.0076513114673705
133 0.5169035630109791 0.009118119907292985
134 0.5166159909845394 0.010096309463236093
135 0.515048066653389 0.008132205175603565
136 0.5148351793017049 0.007809377678741455
137 0.5142386040293264 0.005055306161031042
138 0.5140170858778162 0.005593658239655282
139 0.5142507087282391 0.005735922696446771
140 0.5144832752932345 0.008366256697939271
141 0.5133733928007211 0.007818837813901428
142 0.5136668858721473 0.007618195577330967
143 0.514088513931562 0.010539524564317504
144 0.5113517759845265 0.008403731279192946
145 0.5130551618848427 0.008964418548228811
146 0.5115853138180075 0.006327791039475141
147 0.5129562374230086 0.00472971379664739
148 0.5119189295200902 0.0072419438916475525
149 0.511508799526505 0.004347821978737507
150 0.5123290503019821 0.006384438365959367
151 0.5090113927729136 0.008196700664338809
152 0.5056895128148707 0.008107352715986785
153 0.5052898865253144 0.009076601311620622
154 0.5107956802351801 0.011221238448284354
155 0.5067798103160414 0.007922141504865893
156 0.5058511088283357 0.00865139371506728
157 0.505511656079178 0.00959960241029148
158 0.5051149242819399 0.008445832339330595
159 0.5058932057901883 0.010692013788161252
160 0.5045401202071005 0.013300845315298846
161 0.5058704940018017 0.011998023629371826
162 0.5028730349745858 0.013925861527300416
163 0.5050507198930031 0.010989484367601663
164 0.503602381101432 0.011825607015637889
165 0.5045865038745063 0.011183230887920757
166 0.5026670651067418 0.01034857318594158
167 0.5041762197658153 0.008799024623785812
168 0.5065022904017265 0.010991860296034953
169 0.5035298350872232 0.006919255335630716
170 0.502941268350511 0.01055841678514937
171 0.504483005095766 0.008296446440858044
172 0.5049808229979305 0.009507522896869914
173 0.5052324666337029 0.00830077084724766
174 0.5062359368602414 0.006780885375395088
175 0.5019473020177179 0.008300673931364412
176 0.5014205897071095 0.00986252458162618
177 0.5015826714198235 0.010063359533167067
178 0.5030720941742185 0.00942771728853684
179 0.5038812829744403 0.010750034640712981
180 0.5014716555936615 0.009195894162564541
181 0.5017205126499643 0.006341350950660359
182 0.5008856287411422 0.006951067599712927
183 0.5012198957587067 0.009532845049823923
184 0.5021730545325106 0.010435347390880527
185 0.5032603978482512 0.010044686687450741
186 0.5033361478020393 0.008974614469269568
187 0.5047046626465612 0.008320935247971985
188 0.5023765149585387 0.006698605800509811
189 0.5028511092288321 0.004687387027542568
190 0.5054919381240416 0.0065534224550749046
191 0.5015208323749017 0.008294708067604314
192 0.49949821493776475 0.007096535597645158
193 0.4979756813224846 0.00541351422442601
194 0.4978604412995152 0.007342326291029623
195 0.5017336100359824 0.007977191887520696
196 0.4999712800613108 0.006370086389502137
197 0.49607494970477006 0.005821510728358137
198 0.4975888904718748 0.006558664827275155
199 0.49901280818178717 0.009871630757341508
200 0.5004460143312339 0.008551606959615503
201 0.5000185306215114 0.009222247796027606
202 0.49950776662831176 0.008098217981153798
203 0.501121007470953 0.008383379707328735
204 0.49965226380536015 0.0070227223331704985
205 0.49832670775737614 0.0078088673881898645
206 0.4966790250284364 0.00904772592269974
207 0.49545396772944716 0.005444924400893327
208 0.4978680698435836 0.0071253733017008734
209 0.49749212877565324 0.004384444988612872
210 0.49811094698190583 0.004927570397818693
211 0.49705381688660905 0.006310941413733137
212 0.49719423697976206 0.008716484729600293
213 0.4969823166151392 0.008187391734406078
214 0.49704526676836275 0.008592058106225247
215 0.49461703544670066 0.0056641560523400785
216 0.49581057456390587 0.00797577304703734
217 0.4996212227213766 0.00978711610896692
218 0.4994557636464812 0.010632791869393206
219 0.4971443745385019 0.01007177450731209
220 0.4967208893278786 0.011087356254423539
221 0.4970745907516271 0.00809165780663794
222 0.4953644399976633 0.009486178592401045
223 0.49646511516548 0.0070491902378154395
224 0.4959284166395378 0.010236134818620434
225 0.4975192636494084 0.009807789325580235
226 0.4966553376559772 0.01037300263988452
227 0.4947587109298632 0.010674474677211667
228 0.4959949671535019 0.010600244329171607
229 0.49227235210074766 0.007164779766122075
230 0.49450686325457793 0.008704984814139135
231 0.495079674014108 0.011310506140585739
232 0.4949528207952075 0.010984587756944041
233 0.49472406870607494 0.01006435027077099
234 0.4927213357843865 0.013572100340760796
235 0.4935740349737136 0.008280248770393166
236 0.4941985116072864 0.008488720821521622
237 0.4956016850792211 0.005478197361876382
238 0.49600802018564066 0.008913079192789618
239 0.49321213624374377 0.005585010640580599
240 0.49514956495267326 0.009324718329669647
241 0.49675497956659004 0.008545565844019956
242 0.4947457920784456 0.009208817279558438
243 0.4946125358771741 0.008356589316158897
244 0.49524749162906784 0.008826545001761566
245 0.4945207278112562 0.00935702407892058
246 0.49433100327057405 0.00814302976198328
247 0.496400782162732 0.006016673190868596
248 0.49426656175357986 0.007870279265279386
249 0.49410929457470365 0.009239651027093522
250 0.49246229509447337 0.01080200767238776
251 0.4936484613254376 0.0077841034448312175
252 0.49450423820776723 0.008208358000598949
253 0.4955134669290443 0.005540924718461942
254 0.495187439173007 0.008203900243996946
255 0.4944060335633088 0.007130241353121565
256 0.4928496423420741 0.007236704972605553
257 0.491835582668018 0.008150799252884141
258 0.4911939301513783 0.008528847983342153
259 0.4925025905621016 0.008488897609963464
260 0.4952970510323609 0.009074364691207875
261 0.4937457367013751 0.006458885446579567
262 0.4925579273401862 0.00883303589640414
263 0.4942699228736667 0.008155998087459882
264 0.49236273304127415 0.007293807894069936
265 0.4920704039600838 0.008791903879944466
266 0.49101382459771914 0.008675106727012301
267 0.48959007672226085 0.006561424741169498
268 0.4893127053591931 0.007695658550137482
269 0.4917450318862926 0.009485663012250343
270 0.49343582604697867 0.009243230802305791
271 0.4914785651048833 0.009552832034500748
272 0.4936849285396053 0.006064396007432457
273 0.4910164792325872 0.008118979288446711
274 0.4907479287074727 0.007704644939298531
275 0.49420529069687263 0.006668189798553266
276 0.4922091557405965 0.010261036215324973
277 0.4919313753039045 0.008638754133164612
278 0.4906489721972168 0.010795923388258254
279 0.48951035779875296 0.011762242103788116
280 0.48812531048804475 0.011287267841471094
281 0.4890043628489981 0.008887446648165681
282 0.49046538500340997 0.00972545390563198
283 0.4895294453924056 0.011483128147828616
284 0.48825818189888814 0.010522129521089706
285 0.4905639421836764 0.010925189821010805
286 0.49068321833318906 0.009353538067744294
287 0.4938059455858273 0.00634817847716056
288 0.4919307379351968 0.006423536049743497
289 0.49275442247758316 0.006052350855034509
290 0.4894545359067245 0.0032650088697684116
291 0.49062068458005126 0.006706969654190574
292 0.4913503601499379 0.007236130734595288
293 0.49082521144935465 0.00689462236878355
294 0.49312594926604436 0.005761976566313422
295 0.49193363158004644 0.007952013292104265
296 0.4926608354337391 0.007804293314985128
297 0.49355854957657846 0.007093852111682468
298 0.49084646773414004 0.006164756146848671
299 0.4899291179794373 0.004728293317644706
300 0.48959236997137057 0.0053614707287344965
301 0.48744472854494403 0.003956901023078242
302 0.4923630684098659 0.0063547837981824205
303 0.4914135021036863 0.007005979379886286
304 0.48876971937126845 0.006350971141477591
305 0.49105045361878547 0.00729772492206315
306 0.48947348542701785 0.005495245322261378
307 0.4916965796985234 0.004443117915032213
308 0.4904931900846874 0.005303018002833621
309 0.49210180998285225 0.004932330198805364
310 0.490725915285075 0.0037189619498365573
311 0.4912281997019166 0.006348773785566383
312 0.48898124819535516 0.008744950521216748
313 0.4882329655030648 0.007638136575751836
314 0.4881116789756124 0.007665762493354536
315 0.4871161059712571 0.009382088276448592
316 0.48861765028004883 0.006155873490418764
317 0.48799866876790887 0.00597647495361694
318 0.48982720734753366 0.006709489028400203
319 0.4891561509986654 0.006760260564206192
320 0.48753193546257767 0.00788857419532589
321 0.4860877153848004 0.01087438627200864
322 0.48801251429135534 0.007137418794083696
323 0.4855462326215461 0.01090562777031447
324 0.4878751328936432 0.008095497796054337
325 0.49059209833120765 0.00912308530715725
326 0.4897909916148099 0.008762944892448148
327 0.48794829828626307 0.008430035256778098
328 0.4899488563720721 0.00906041323741788
329 0.48810709339196806 0.008245296317807215
330 0.49157259216571536 0.010430628377640501
331 0.4898558909468839 0.009248421724153294
332 0.49194898073022075 0.008545874479907673
333 0.48999277298185484 0.009598746887263972
334 0.4913610732417445 0.009151906228124077
335 0.48822171772117706 0.008342932283801245
336 0.4872671298575607 0.007103823498732021
337 0.48751515620638586 0.007418576204260154
338 0.4897610732555612 0.007103976719164336
339 0.49189050746726065 0.007778500860707761
340 0.4910750611465273 0.007459548022589985
341 0.4889512875641942 0.005711421836761938
342 0.48789471546241403 0.0076215912017153515
343 0.48735523711018375 0.00550443479431568
344 0.4893982192863849 0.008382174764280444
345 0.48737640882291355 0.00779736124180484
346 0.48760129992209256 0.008566702060929667
347 0.4873246399491976 0.008798400732543269
348 0.4867473653047133 0.00840232625659558
