molecule template: pre dimer type change

     12 atoms
     14 bonds
     16 angles

Types

    1 7
    2 7
    3 7
    4 7
    5 1
    6 1
    7 1
    8 1
    9 1
    10 1
    11 1
    12 1

Bonds

    1 3 1 2
    2 3 2 3
    3 3 3 4
    4 3 4 1
    5 3 1 3
    6 3 2 4
    7 1 1 5
    8 1 2 6
    9 1 3 7
    10 1 4 8
    11 2 5 9
    12 2 6 10
    13 2 7 11
    14 2 8 12 
    
Angles

    1 2 7 3 2
    2 2 7 3 1
    3 2 7 3 4
    4 2 6 2 4
    5 2 6 2 1
    6 2 6 2 3
    7 2 8 4 2
    8 2 8 4 3
    9 2 8 4 1
    10 2 5 1 3
    11 2 5 1 2
    12 2 5 1 4
    13 1 9 5 1
    14 1 10 6 2
    15 1 11 7 3
    16 1 12 8 4